0.2214442  0.006850343
0.2231147  0.006786085
0.2233417  0.006777353
0.2235785  0.006768242
0.223771  0.006760838
0.226274  0.006664552
0.2263427  0.006661909
0.2266047  0.00665183
0.2294856  0.006541006
0.231069  0.006480095
0.2312642  0.006472588
0.2319995  0.006444299
0.2326192  0.006420462
0.2331098  0.006401592
0.2357373  0.006300515
0.2369068  0.006255526
0.2388598  0.006180399
0.2420793  0.006056549
0.2445071  0.005963157
0.2445399  0.005961892
0.2461841  0.005898643
0.2463018  0.005894115
0.2502621  0.005741769
0.2531216  0.005631771
0.2548814  0.005564075
0.2606187  0.005343371
0.2633702  0.005247443
0.2636932  0.005236843
0.2643235  0.005216157
0.2658546  0.005165904
0.2683624  0.005083596
0.2693383  0.005051563
0.2703993  0.00501674
0.2739046  0.004901693
0.277253  0.004791795
0.2843816  0.004557827
0.2864768  0.00448906
0.2881352  0.004434629
0.2882512  0.004430824
0.2882961  0.00442935
0.2893261  0.004395543
0.2896743  0.004384117
0.2907679  0.004348221
0.2938107  0.004248353
0.2942271  0.004234689
0.2943778  0.004229741
0.2952202  0.004202093
0.2955981  0.004189688
0.2960424  0.004175107
0.2964358  0.004162196
0.2970478  0.004142109
0.2980872  0.004107995
0.3000595  0.004043264
0.300349  0.004033759
0.3013268  0.004010898
0.3026294  0.003988406
0.3029324  0.003983175
0.3030422  0.003981279
0.3047432  0.00395191
0.3059523  0.003931034
0.3065917  0.003919993
0.3080587  0.003894665
0.3081273  0.00389348
0.3084257  0.003888328
0.308673  0.003884058
0.3093054  0.003873139
0.3150603  0.003773775
0.3162854  0.003752622
0.3182901  0.003718009
0.3203396  0.003682623
0.3204353  0.00368097
0.3216915  0.00365928
0.3246203  0.003608713
0.3253438  0.003596219
0.3301658  0.003512963
0.3303082  0.003510505
0.3306609  0.003504415
0.3322636  0.003476744
0.3343848  0.003440119
0.3368497  0.00339756
0.3370649  0.003393845
0.33755  0.003385467
0.3411247  0.003323748
0.3432459  0.003287123
0.3469654  0.003222902
0.3474151  0.003215138
0.3478132  0.003208263
0.3513477  0.003147238
0.3527329  0.003123321
0.3541569  0.003098734
0.3563398  0.003061043
0.3607083  0.002993055
0.3618068  0.002980398
0.3622426  0.002975376
0.3645692  0.002948567
0.3647287  0.002946729
0.3657576  0.002934873
0.367134  0.002919012
0.3683762  0.002904699
0.3716577  0.002866887
0.3719111  0.002863967
0.3745841  0.002833166
0.3788116  0.002784453
0.3791172  0.002780931
0.379607  0.002775288
0.3797133  0.002774062
0.3817627  0.002750447
0.3821424  0.002746072
0.3836625  0.002728556
0.384113  0.002723364
0.3883382  0.002674679
0.388478  0.002673067
0.3911664  0.00264209
0.3925008  0.002626713
0.3930208  0.002620721
0.3935921  0.002614138
0.39708  0.002573947
0.3974662  0.002569497
0.3998723  0.002541771
0.401157  0.002526968
0.4019017  0.002518387
0.4038387  0.002496067
0.4052456  0.002479856
0.4052514  0.002479789
0.4082041  0.002445766
0.4082464  0.002445278
0.4116657  0.002405878
0.4137377  0.002382001
0.421556  0.002291912
0.4220718  0.002285969
0.4258013  0.002242994
0.4269192  0.002230112
0.4271662  0.002227266
0.4280097  0.002217546
0.4299192  0.002195543
0.4312227  0.002180524
0.4313679  0.00217885
0.431751  0.002174436
0.4336404  0.002152664
0.4346933  0.002140532
0.434784  0.002139487
0.4367419  0.002116927
0.4391129  0.002096114
0.442364  0.002073144
0.4436763  0.002063873
0.4440827  0.002061002
0.4455743  0.002050463
0.4460689  0.002046969
0.447976  0.002033495
0.4492  0.002024847
0.4528346  0.001999168
0.4528939  0.001998749
0.4568763  0.001970613
0.4592008  0.00195419
0.460414  0.001945619
0.4629836  0.001927463
0.4678897  0.001892801
0.4710345  0.001870583
0.4712532  0.001869038
0.481056  0.001799779
0.4814108  0.001797273
0.4851367  0.001770948
0.4855168  0.001768263
0.487075  0.001757254
0.4893292  0.001741328
0.4918557  0.001723478
0.494652  0.001703721
0.4957773  0.001695771
0.495878  0.001695059
0.497488  0.001683685
0.4980674  0.001679591
0.4999394  0.001666365
0.5037411  0.001639505
0.5038048  0.001639055
0.50414  0.001636687
0.5063425  0.001621126
0.5064708  0.001620219
0.5065102  0.001619941
0.5071893  0.001615143
0.5078135  0.001610733
0.5084252  0.001606411
0.5102406  0.001593585
0.511653  0.001583606
0.5165965  0.00154868
0.5191838  0.0015304
0.5198995  0.001525344
0.5222491  0.001508743
0.5229779  0.001503594
0.5234709  0.001500111
0.5246944  0.001491467
0.524837  0.001490459
0.5253687  0.001486703
0.5282054  0.001466661
0.5285178  0.001464454
0.5286312  0.001463652
0.5305209  0.001450302
0.5321847  0.001438546
0.5327666  0.001434435
0.5353167  0.001416418
0.535681  0.001413845
0.5358326  0.001412773
0.5365331  0.001407824
0.5401523  0.001382254
0.5485455  0.00134649
0.5487107  0.001345796
0.5505679  0.001338004
0.5513718  0.00133463
0.5517046  0.001333234
0.5518849  0.001332477
0.5528213  0.001328548
0.5530467  0.001327602
0.5550195  0.001319324
0.5567433  0.001312091
0.5599588  0.001298598
0.565543  0.001275166
0.5666543  0.001270503
0.5695687  0.001258273
0.5697569  0.001257484
0.5700914  0.00125608
0.5708119  0.001253057
0.5711806  0.00125151
0.5740856  0.00123932
0.5753353  0.001234076
0.5777702  0.001223859
0.5814244  0.001208526
0.5883136  0.001179617
0.5885153  0.001178771
0.5901194  0.00117204
0.5952547  0.001150491
0.5962454  0.001146334
0.5962971  0.001146117
0.5972118  0.001142279
0.5975503  0.001140859
0.5980994  0.001138555
0.5986851  0.001136097
0.5990411  0.001134603
0.5994145  0.001133036
0.6021191  0.001121687
0.6029643  0.001118141
0.6041992  0.001112959
0.6100126  0.001088565
0.6118081  0.001081031
0.612698  0.001077297
0.6181269  0.001054517
0.6206353  0.001043991
0.6239778  0.001029965
0.6247696  0.001026643
0.6247749  0.001026621
0.6258235  0.001022221
0.6265847  0.001019026
0.6281565  0.001012431
0.628193  0.001012278
0.6318731  0.0009968354
0.6336639  0.0009893211
0.6352317  0.0009827422
0.6389465  0.0009671545
0.6408555  0.0009591441
0.6436905  0.000947248
0.6464188  0.0009357996
0.6473064  0.000932075
0.6491648  0.0009267266
0.6495538  0.0009258609
0.6511339  0.0009223446
0.6512899  0.0009219972
0.6522026  0.000919966
0.6526588  0.0009189509
0.6530719  0.0009180316
0.6543931  0.0009150912
0.656393  0.0009106404
0.657359  0.0009084906
0.6583105  0.0009063732
0.6586732  0.0009055659
0.6598828  0.0009028741
0.6600777  0.0009024403
0.6638609  0.0008940208
0.6674769  0.0008859735
0.6706226  0.0008789728
0.6713868  0.0008772721
0.6716625  0.0008766587
0.6717436  0.0008764781
0.6742475  0.0008709057
0.6753488  0.0008684547
0.6782286  0.000862046
0.6789909  0.0008603494
0.6795723  0.0008590556
0.6905456  0.0008346348
0.6936068  0.0008278222
0.6957123  0.0008231363
0.6962519  0.0008219356
0.6970552  0.0008201477
0.6980486  0.000817937
0.6994688  0.0008147763
0.7010509  0.0008112554
0.7019018  0.0008093618
0.7051748  0.0008020778
0.7051901  0.0008020437
0.7054957  0.0008013637
0.7059016  0.0008004604
0.7070908  0.0007978137
0.7076377  0.0007965966
0.7084152  0.0007948664
0.7113437  0.000788349
0.7114068  0.0007882087
0.7125543  0.000785655
0.7125627  0.0007856363
0.7140131  0.0007824084
0.7141263  0.0007821565
0.7151916  0.0007797856
0.7160099  0.0007779645
0.7178115  0.0007739552
0.7215487  0.0007656381
0.721808  0.0007650611
0.7262155  0.0007552522
0.7264264  0.000754783
0.7265377  0.0007545353
0.7266675  0.0007542465
0.7295574  0.000747815
0.7305395  0.0007456293
0.7307195  0.0007452288
0.7310289  0.0007445402
0.7314722  0.0007435537
0.7315774  0.0007433195
0.7319821  0.0007424188
0.7340108  0.000737904
0.7357365  0.0007340636
0.7370549  0.0007311296
0.7371631  0.0007308887
0.7372445  0.0007307076
0.7375572  0.0007300116
0.7385056  0.0007279011
0.7406708  0.0007230823
0.7409782  0.0007223982
0.7422537  0.0007195596
0.7445675  0.0007144103
0.7455299  0.0007122685
0.7460271  0.0007111622
0.7486448  0.0007053364
0.748888  0.0007047952
0.7498484  0.0007026578
0.7509328  0.0007002446
0.7511064  0.0006998583
0.7512439  0.0006995522
0.7523226  0.0006971515
0.7541203  0.0006931508
0.7576774  0.0006852347
0.7610712  0.0006776818
0.7616963  0.0006762906
0.7617914  0.000676079
0.7622247  0.0006751147
0.762522  0.0006744531
0.7645628  0.0006699114
0.7657035  0.00066771
0.7700811  0.0006614638
0.7704323  0.0006609627
0.7716138  0.000659277
0.7725386  0.0006579573
0.7726669  0.0006577743
0.7753423  0.000653957
0.7760175  0.0006529935
0.7778539  0.0006503734
0.7781793  0.0006499091
0.7788538  0.0006489466
0.7797634  0.0006476488
0.785991  0.000638763
0.7867639  0.0006376601
0.7927985  0.0006290496
0.7932203  0.0006284478
0.7948555  0.0006261147
0.7951581  0.0006256829
0.797032  0.0006230091
0.7973388  0.0006225714
0.7976494  0.0006221282
0.7998315  0.0006190147
0.8082983  0.0006069339
0.8095327  0.0006051726
0.8109454  0.0006031569
0.8118612  0.0006018502
0.8121348  0.0006014599
0.8127751  0.0006005462
0.8138092  0.0005990706
0.8155996  0.0005965161
0.8169276  0.0005946213
0.8196487  0.0005907386
0.820032  0.0005901917
0.820268  0.0005898549
0.8213256  0.000588346
0.822468  0.0005867159
0.8229902  0.0005859709
0.8229938  0.0005859657
0.8232901  0.0005855429
0.8247088  0.0005835187
0.8304604  0.000575312
0.8321608  0.0005728857
0.8338365  0.0005704948
0.8359607  0.000567464
0.8371038  0.0005658329
0.8377541  0.000564905
0.8397218  0.0005620975
0.8409403  0.0005603588
0.8422548  0.0005584832
0.843952  0.0005560616
0.844764  0.000554903
0.8450078  0.0005545551
0.8472164  0.0005514038
0.8501923  0.0005471576
0.8507781  0.0005463218
0.8514328  0.0005453877
0.8514653  0.0005453413
0.8522679  0.0005441961
0.8530113  0.0005431355
0.858306  0.0005355807
0.8585661  0.0005352096
0.8597681  0.0005334945
0.8603216  0.0005327048
0.8619084  0.0005304407
0.8634279  0.0005282726
0.8640984  0.0005273159
0.8664302  0.0005239888
0.8667779  0.0005234926
0.8672315  0.0005228454
0.8681273  0.0005215673
0.8700082  0.0005188834
0.8706706  0.0005179383
0.8713891  0.0005169131
0.8761419  0.0005101317
0.8768702  0.0005090925
0.8771743  0.0005086585
0.8796414  0.0005051384
0.8828685  0.0005005338
0.8861006  0.0004959222
0.8862689  0.000495682
0.8863266  0.0004955996
0.8886204  0.0004923268
0.8889425  0.0004918671
0.8937903  0.0004856443
0.8938263  0.0004856112
0.8941472  0.000485316
0.8970499  0.0004826454
0.8973228  0.0004823944
0.8995565  0.0004803393
0.9019401  0.0004781464
0.9032018  0.0004769856
0.9050844  0.0004752536
0.9056785  0.0004747071
0.9067593  0.0004737127
0.9070833  0.0004734146
0.907679  0.0004728666
0.9089755  0.0004716738
0.9091505  0.0004715128
0.9102003  0.0004705469
0.9162294  0.000465
0.9167868  0.0004644872
0.9227393  0.0004590108
0.9234492  0.0004583577
0.9250201  0.0004569125
0.9259044  0.0004560989
0.9308536  0.0004515456
0.9335032  0.0004491078
0.9335147  0.0004490973
0.9343661  0.0004483139
0.9386489  0.0004443737
0.9389362  0.0004441094
0.9406481  0.0004425344
0.9409905  0.0004422194
0.9441534  0.0004393095
0.9456113  0.0004379682
0.9471686  0.0004365355
0.9493843  0.000434497
0.9527536  0.0004313972
0.9537349  0.0004304944
0.9537702  0.0004304619
0.9540658  0.0004301899
0.9556413  0.0004287404
0.9588785  0.0004257622
0.9595833  0.0004251137
0.9599648  0.0004247627
0.9621241  0.0004227762
0.9627393  0.0004222102
0.9639548  0.0004210919
0.9671902  0.0004181153
0.9696241  0.000415876
0.9698175  0.0004156981
0.9709786  0.0004146299
0.9714073  0.0004142354
0.9724872  0.000413242
0.9727703  0.0004129815
0.9747456  0.0004111642
0.9778956  0.0004082661
0.9809562  0.0004054504
0.9812762  0.0004051559
0.9828306  0.0004037258
0.9830469  0.0004035268
0.983126  0.0004034541
0.9840882  0.0004025689
0.9890548  0.0003979995
0.9892379  0.0003978311
0.9906849  0.0003964998
0.992539  0.000394794
0.9925882  0.0003947487
0.9962404  0.0003913886
0.9966869  0.0003909779
0.998009  0.0003897615
0.9984586  0.0003893478
1.002837  0.0003853195
1.004716  0.0003835905
1.005073  0.0003832627
1.006584  0.0003818727
1.006657  0.0003818048
1.010113  0.0003787007
1.011773  0.0003775477
1.012126  0.0003773027
1.013253  0.0003765197
1.014251  0.0003758262
1.01517  0.0003751879
1.016593  0.0003741997
1.017384  0.00037365
1.018605  0.0003728021
1.021701  0.0003706517
1.024604  0.0003686352
1.025295  0.0003681547
1.025872  0.000367754
1.028983  0.0003655934
1.031209  0.0003640472
1.032233  0.0003633355
1.032469  0.0003631721
1.033925  0.0003621602
1.035872  0.000360808
1.038792  0.0003587797
1.039756  0.0003581101
1.041808  0.0003566848
1.042132  0.0003564599
1.042153  0.0003564449
1.042271  0.0003563632
1.043698  0.0003553717
1.045349  0.0003542249
1.046265  0.0003535891
1.047103  0.0003530069
1.048383  0.0003521174
1.048458  0.0003520658
1.048581  0.0003519799
1.049248  0.0003515169
1.050249  0.0003508216
1.054056  0.0003481768
1.055837  0.0003469402
1.056156  0.0003467185
1.05793  0.0003454859
1.060373  0.0003437888
1.060947  0.0003433901
1.062532  0.0003422896
1.063585  0.0003415579
1.063736  0.0003414529
1.063936  0.000341314
1.064756  0.0003407446
1.067484  0.0003388496
1.069189  0.0003376652
1.069824  0.0003372243
1.071582  0.0003360034
1.071608  0.0003359852
1.074562  0.0003339331
1.076012  0.0003329257
1.080014  0.0003301463
1.080797  0.000329602
1.081614  0.0003290344
1.085151  0.0003265781
1.089679  0.0003234328
1.089769  0.00032337
1.090428  0.0003229124
1.091006  0.0003225111
1.091706  0.0003220246
1.092569  0.0003214255
1.093511  0.0003207709
1.093868  0.000320523
1.100036  0.0003162381
1.102587  0.0003144665
1.102936  0.0003142242
1.103054  0.0003141418
1.106804  0.0003115369
1.107094  0.0003113358
1.10762  0.0003109707
1.108962  0.0003100385
1.109539  0.0003096372
1.11017  0.0003091993
1.110836  0.0003087363
1.110868  0.000308714
1.110871  0.0003087124
1.111888  0.0003080061
1.114871  0.0003059339
1.115782  0.0003053007
1.115994  0.0003051537
1.120072  0.0003023209
1.121249  0.0003015031
1.126276  0.0002980116
1.126381  0.0002979386
1.128075  0.0002967617
1.12912  0.0002960358
1.129497  0.0002957739
1.13293  0.0002933897
1.133434  0.0002930392
1.133656  0.0002928852
1.136324  0.0002910323
1.13651  0.0002909026
1.141743  0.0002872681
1.142299  0.0002869973
1.143478  0.0002864567
1.144193  0.0002861286
1.144601  0.0002859416
1.146133  0.0002852391
1.147261  0.0002847218
1.148365  0.0002842156
1.14957  0.0002836631
1.150274  0.0002833404
1.15264  0.000282255
1.157774  0.0002799008
1.157825  0.0002798775
1.158371  0.0002796273
1.160486  0.0002786574
1.162191  0.0002778753
1.162778  0.000277606
1.168496  0.0002749839
1.169049  0.0002747307
1.169512  0.0002745182
1.173374  0.0002727473
1.175353  0.0002718398
1.176132  0.0002714824
1.176622  0.000271258
1.177805  0.0002707154
1.178909  0.000270209
1.179443  0.0002699641
1.183453  0.0002681252
1.184808  0.000267504
1.191718  0.0002643351
1.19431  0.0002631468
1.195031  0.0002628161
1.200712  0.0002602108
1.201075  0.0002600444
1.201425  0.0002598839
1.202153  0.0002595499
1.204391  0.0002585238
1.20544  0.0002580429
1.209032  0.0002563955
1.209816  0.000256036
1.211117  0.0002554394
1.211659  0.0002551908
1.21289  0.0002546264
1.213332  0.0002544236
1.215191  0.0002535713
1.215486  0.000253436
1.215605  0.0002533815
1.217595  0.0002524689
1.220799  0.0002509998
1.223703  0.0002496681
1.224516  0.0002492949
1.22582  0.000248697
1.226011  0.0002486095
1.229271  0.0002471145
1.231858  0.0002459281
1.232238  0.000245754
1.235215  0.0002443887
1.235215  0.0002443887
1.235637  0.0002441952
1.236045  0.0002440081
1.236152  0.0002439593
1.237633  0.00024328
1.239289  0.0002425208
1.239377  0.0002424801
1.239541  0.0002424053
1.239962  0.0002422118
1.243339  0.0002406632
1.246448  0.0002392377
1.248749  0.0002381824
1.248921  0.0002381038
1.249797  0.0002377019
1.249848  0.0002376784
1.252047  0.0002366702
1.253134  0.0002361719
1.258834  0.0002335579
1.25904  0.0002334635
1.260629  0.0002327348
1.263995  0.0002311913
1.265338  0.0002305751
1.266272  0.0002301472
1.266404  0.0002300863
1.267151  0.0002297441
1.267253  0.000229697
1.268893  0.0002289452
1.271458  0.0002277689
1.271582  0.0002277119
1.27239  0.0002273413
1.27381  0.0002266902
1.274098  0.0002265585
1.274239  0.0002264935
1.274448  0.000226398
1.274568  0.0002263429
1.275334  0.0002259917
1.278224  0.0002246661
1.278452  0.0002245615
1.280027  0.0002238395
1.280177  0.0002237706
1.280934  0.0002234236
1.281697  0.0002230738
1.285862  0.0002211636
1.285981  0.000221109
1.288605  0.0002199059
1.290121  0.0002192105
1.290247  0.000219153
1.292127  0.0002182908
1.292511  0.0002181148
1.299138  0.0002157957
1.30186  0.0002148889
1.304465  0.000214021
1.306102  0.0002134759
1.307143  0.0002131289
1.308712  0.0002126063
1.309468  0.0002123546
1.310042  0.0002121632
1.310711  0.0002119405
1.312706  0.0002112758
1.313201  0.0002111108
1.315341  0.0002103979
1.316256  0.0002100931
1.317258  0.0002097593
1.320233  0.0002087683
1.32613  0.000206804
1.32799  0.0002061844
1.328276  0.000206089
1.330585  0.0002053197
1.33087  0.000205225
1.331043  0.0002051671
1.332721  0.0002046084
1.340226  0.0002021081
1.34024  0.0002021037
1.340779  0.0002019241
1.341226  0.0002017749
1.343905  0.0002008827
1.344741  0.0002006041
1.349412  0.000199048
1.351352  0.0001984018
1.355191  0.0001971228
1.356739  0.0001966073
1.358422  0.0001960466
1.359202  0.0001957868
1.360185  0.0001954592
1.360999  0.0001951882
1.363526  0.0001943462
1.363625  0.0001943135
1.36453  0.0001940119
1.364549  0.0001940054
1.366861  0.0001932352
1.367023  0.0001931813
1.367304  0.0001930878
1.368182  0.0001927952
1.370342  0.0001920758
1.37048  0.0001920298
1.371273  0.0001917657
1.37148  0.0001916965
1.372917  0.0001912181
1.373879  0.0001908973
1.37413  0.0001908139
1.374457  0.000190705
1.374691  0.0001906268
1.374861  0.0001905704
1.37488  0.0001905641
1.375072  0.0001905001
1.375854  0.0001902397
1.376639  0.000189978
1.377707  0.0001896222
1.382732  0.0001879483
1.385587  0.0001869973
1.385778  0.0001869335
1.386776  0.000186601
1.390033  0.0001855162
1.392032  0.0001848503
1.393039  0.0001845149
1.400008  0.0001821932
1.400217  0.0001821236
1.402025  0.0001815213
1.404118  0.000180824
1.405517  0.000180358
1.406563  0.0001800097
1.407838  0.000179585
1.412729  0.0001779554
1.414268  0.0001774427
1.417643  0.0001763187
1.421523  0.0001750261
1.422592  0.0001746698
1.422686  0.0001746387
1.424841  0.0001739207
1.425284  0.0001737731
1.425939  0.000173555
1.426179  0.000173475
1.426715  0.0001732963
1.427096  0.0001731694
1.427238  0.0001731223
1.428216  0.0001727964
1.429497  0.0001723698
1.437071  0.0001698466
1.438341  0.0001694235
1.438663  0.0001693164
1.439616  0.0001689986
1.44286  0.0001679181
1.445832  0.0001670262
1.445938  0.0001670032
1.450903  0.0001659261
1.452681  0.0001655403
1.453953  0.0001652644
1.454131  0.0001652258
1.457904  0.0001644074
1.459819  0.0001639919
1.460165  0.0001639168
1.464834  0.0001629038
1.468599  0.0001620872
1.470916  0.0001615846
1.472028  0.0001613434
1.47268  0.0001612019
1.475148  0.0001606664
1.475833  0.0001605179
1.476148  0.0001604495
1.476794  0.0001603094
1.477702  0.0001601125
1.478996  0.0001598316
1.479246  0.0001597774
1.482384  0.0001590966
1.484498  0.0001586381
1.487388  0.0001580111
1.487494  0.000157988
1.490857  0.0001572586
1.491155  0.0001571939
1.494134  0.0001565478
1.496674  0.0001559966
1.496893  0.0001559491
1.49756  0.0001558045
1.49811  0.0001556851
1.501163  0.0001550228
1.502476  0.0001547379
1.503389  0.00015454
1.507894  0.0001535627
1.507937  0.0001535534
1.508387  0.0001534557
1.510925  0.0001529051
1.511226  0.0001528398
1.515437  0.0001519263
1.516529  0.0001516893
1.516617  0.0001516702
1.516827  0.0001516247
1.51807  0.0001513551
1.521084  0.0001507012
1.523876  0.0001500955
1.527466  0.0001493167
1.528118  0.0001491754
1.528756  0.0001490368
1.530954  0.00014856
1.532003  0.0001483324
1.534855  0.0001477138
1.53683  0.0001472854
1.537298  0.0001471838
1.540008  0.0001465959
1.544636  0.000145592
1.545125  0.0001454858
1.545154  0.0001454796
1.545286  0.000145451
1.546109  0.0001452724
1.546806  0.0001451213
1.548779  0.0001446931
1.551149  0.0001441789
1.551762  0.000144046
1.55325  0.0001437233
1.553299  0.0001437126
1.553517  0.0001436654
1.556301  0.0001430614
1.558262  0.000142636
1.559748  0.0001423135
1.561222  0.0001419939
1.569708  0.0001401529
1.570349  0.0001400139
1.571341  0.0001397985
1.578383  0.000138271
1.579125  0.0001381101
1.580407  0.0001378318
1.581006  0.000137702
1.581733  0.0001375442
1.587073  0.0001363858
1.58951  0.0001358572
1.589651  0.0001358264
1.589812  0.0001357916
1.593702  0.0001350379
1.59425  0.0001349436
1.596873  0.000134492
1.59712  0.0001344494
1.602763  0.0001334781
1.60569  0.0001329741
1.60793  0.0001325886
1.608828  0.0001324339
1.610145  0.0001322071
1.610202  0.0001321974
1.611949  0.0001318966
1.613051  0.0001317068
1.613585  0.0001316149
1.614371  0.0001314797
1.615049  0.0001313629
1.615824  0.0001312294
1.616747  0.0001310706
1.618368  0.0001307915
1.620425  0.0001304375
1.620602  0.0001304069
1.62169  0.0001302196
1.623451  0.0001299165
1.624523  0.0001297319
1.624672  0.0001297063
1.626475  0.0001293959
1.626571  0.0001293793
1.626947  0.0001293145
1.628164  0.0001291051
1.628696  0.0001290134
1.630536  0.0001286967
1.632092  0.0001284289
1.636491  0.0001276716
1.637711  0.0001274616
1.640422  0.0001269948
1.640764  0.0001269359
1.643047  0.0001265429
1.644644  0.0001262679
1.645998  0.0001260349
1.649377  0.0001254531
1.650008  0.0001253445
1.656969  0.0001241462
1.660343  0.0001235653
1.660864  0.0001234757
1.662801  0.0001231421
1.66289  0.0001231269
1.664002  0.0001229354
1.667922  0.0001222606
1.668553  0.0001221518
1.670898  0.0001217481
1.671306  0.000121678
1.673856  0.000121239
1.675072  0.0001210296
1.675417  0.0001209702
1.675566  0.0001209445
1.68327  0.0001196182
1.685698  0.0001192002
1.686017  0.0001191454
1.687064  0.0001189651
1.687501  0.0001188898
1.688212  0.0001187675
1.690665  0.0001183452
1.692403  0.0001180459
1.696555  0.0001173312
1.69961  0.0001168052
1.699654  0.0001167976
1.701533  0.0001164742
1.705325  0.0001158214
1.706077  0.0001156919
1.706791  0.0001155689
1.710374  0.0001149521
1.719276  0.0001134196
1.721338  0.0001130647
1.722259  0.0001129061
1.722279  0.0001129027
1.727345  0.0001120304
1.728368  0.0001118545
1.72837  0.0001118541
1.731389  0.0001113343
1.732447  0.0001111521
1.733156  0.0001110301
1.735205  0.0001106773
1.738947  0.0001100332
1.739294  0.0001099735
1.740102  0.0001098343
1.740302  0.0001097999
1.740992  0.0001096811
1.741226  0.0001096408
1.741294  0.0001096291
1.741616  0.0001095737
1.741633  0.0001095708
1.742998  0.0001093357
1.747017  0.0001086438
1.749948  0.0001081393
1.749961  0.0001081371
1.75088  0.0001079788
1.75114  0.000107934
1.751747  0.0001078296
1.755981  0.0001071006
1.756953  0.0001069334
1.760779  0.0001064265
1.760979  0.0001064027
1.763951  0.0001060503
1.764717  0.0001059595
1.765433  0.0001058746
1.766556  0.0001057415
1.766613  0.0001057347
1.767404  0.0001056409
1.767869  0.0001055857
1.769324  0.0001054133
1.770054  0.0001053267
1.775053  0.0001047339
1.776665  0.0001045428
1.778705  0.0001043009
1.778777  0.0001042924
1.781412  0.00010398
1.782038  0.0001039057
1.784654  0.0001035956
1.785274  0.000103522
1.785311  0.0001035176
1.786224  0.0001034094
1.786652  0.0001033587
1.786815  0.0001033394
1.787225  0.0001032907
1.788637  0.0001031233
1.790577  0.0001028932
1.791006  0.0001028424
1.79196  0.0001027293
1.793125  0.0001025911
1.794698  0.0001024046
1.795619  0.0001022954
1.797496  0.0001020729
1.797549  0.0001020666
1.79896  0.0001018993
1.799979  0.0001017785
1.80151  0.0001015969
1.803702  0.000101337
1.804285  0.0001012679
1.806945  0.0001009525
1.809254  0.0001006787
1.81037  0.0001005464
1.811263  0.0001004405
1.811298  0.0001004364
1.811884  0.0001003669
1.812518  0.0001002917
1.81315  0.0001002167
1.813214  0.0001002091
1.813629  0.00010016
1.814781  0.0001000234
1.81543  0.00009994642
1.816849  0.00009977821
1.817044  0.00009975506
1.8188  0.00009954681
1.819774  0.00009943137
1.821409  0.00009923743
1.828919  0.00009834701
1.83051  0.00009815839
1.831226  0.00009807345
1.831947  0.00009798798
1.834373  0.00009770035
1.834893  0.00009763868
1.836925  0.00009739769
1.839581  0.00009708278
1.842411  0.0000967472
1.842821  0.00009669863
1.842884  0.00009669123
1.842947  0.00009668376
1.843532  0.00009661438
1.844344  0.00009651806
1.845871  0.00009633704
1.847694  0.00009612084
1.847895  0.00009609697
1.848068  0.00009607648
1.849784  0.00009587307
1.850858  0.00009574573
1.850986  0.00009573051
1.853129  0.00009547647
1.856508  0.00009507571
1.857972  0.00009490216
1.858192  0.00009487611
1.860531  0.0000945988
1.862363  0.00009438155
1.863218  0.0000942801
1.869104  0.00009358225
1.86963  0.00009351992
1.870426  0.00009342546
1.870669  0.00009339674
1.871478  0.0000933008
1.874146  0.00009298439
1.875098  0.00009287158
1.876857  0.00009266293
1.877263  0.00009261485
1.878411  0.00009247874
1.879881  0.00009230436
1.88064  0.00009221444
1.881489  0.00009211371
1.881861  0.00009206961
1.883891  0.00009182896
1.884838  0.00009171664
1.88674  0.00009149114
1.886937  0.00009146776
1.888667  0.00009126266
1.891798  0.00009089136
1.89371  0.00009066467
1.894613  0.00009055767
1.897804  0.0000901793
1.900241  0.00008989033
1.900751  0.00008982981
1.901609  0.00008972815
1.905368  0.00008928237
1.90667  0.00008912806
1.907204  0.0000890647
1.908242  0.00008894157
1.908629  0.00008889568
1.90991  0.00008874386
1.9105  0.00008867387
1.911995  0.00008849662
1.912396  0.00008844911
1.913602  0.00008830609
1.91403  0.00008825529
1.914248  0.0000882295
1.916258  0.00008799116
1.916291  0.00008798723
1.917177  0.00008788213
1.918764  0.00008769405
1.920776  0.00008745548
1.921558  0.00008736274
1.921938  0.00008731765
1.923598  0.00008712082
1.927843  0.00008661748
1.928028  0.00008659552
1.931497  0.00008618424
1.932661  0.00008604623
1.933079  0.00008599663
1.93501  0.00008576773
1.936081  0.00008564078
1.936849  0.00008554966
1.937358  0.00008548933
1.940754  0.00008511813
1.941752  0.00008501648
1.941799  0.00008501175
1.946469  0.0000845363
1.950703  0.00008410527
1.951618  0.00008401208
1.953009  0.00008387047
1.95365  0.00008380523
1.954036  0.00008376589
1.955793  0.00008358709
1.956367  0.00008352864
1.957674  0.00008339552
1.959452  0.00008321453
1.959924  0.0000831665
1.960096  0.000083149
1.960209  0.0000831375
1.960457  0.00008311222
1.961934  0.00008296184
1.962716  0.00008288221
1.96609  0.00008253877
1.968608  0.00008228245
1.969042  0.00008223825
1.96998  0.00008214277
1.970067  0.00008213388
1.970807  0.0000820585
1.97085  0.00008205413
1.975744  0.0000815559
1.976976  0.0000814305
1.977281  0.00008139944
1.978291  0.00008129665
1.979674  0.00008115582
1.980245  0.00008109766
1.982972  0.00008082003
1.984627  0.00008065156
1.984654  0.00008064878
1.985883  0.00008052369
1.988631  0.00008024394
1.990401  0.0000800637
1.991715  0.00007992994
1.99337  0.00007976151
1.993421  0.00007975624
1.99457  0.00007963929
1.995384  0.00007955642
1.996627  0.00007942989
1.999176  0.00007917035
1.999936  0.00007909303
2.001423  0.00007894164
2.002324  0.00007884991
2.0034  0.00007874034
2.00639  0.00007843593
2.007438  0.00007832923
2.007541  0.00007831874
2.010698  0.00007799741
2.016275  0.00007742958
2.017546  0.00007730023
2.022303  0.00007681594
2.022403  0.00007680577
2.023723  0.00007667132
2.024871  0.00007655449
2.024987  0.00007654266
2.029507  0.00007608244
2.031616  0.00007586775
2.031862  0.0000758427
2.031923  0.00007583649
2.032351  0.00007579298
2.034828  0.00007554081
2.035197  0.00007550318
2.038004  0.0000752174
2.040344  0.00007497918
2.040611  0.00007495208
2.041799  0.00007483107
2.044588  0.00007454713
2.04709  0.00007429241
2.048858  0.00007411244
2.053582  0.00007363152
2.05693  0.00007329062
2.061796  0.00007279529
2.065631  0.00007240485
2.066887  0.00007227691
2.067362  0.00007222856
2.070834  0.00007187513
2.071163  0.00007184164
2.071812  0.00007177556
2.074873  0.00007146394
2.07614  0.0000713349
2.078854  0.00007105859
2.079174  0.00007102605
2.07964  0.00007097862
2.080692  0.0000708715
2.080807  0.00007085985
2.083112  0.0000706251
2.08315  0.00007062125
2.084546  0.00007047917
2.091318  0.00006978971
2.095429  0.0000693712
2.096868  0.00006922471
2.099552  0.0000689514
2.10278  0.00006862283
2.107447  0.00006814766
2.107697  0.00006812221
2.108989  0.00006799065
2.109029  0.00006798658
2.109585  0.00006793004
2.112036  0.00006768053
2.112656  0.00006761738
2.114093  0.0000674711
2.116948  0.00006718038
2.11867  0.00006700508
2.119493  0.00006692137
2.120537  0.00006681506
2.122746  0.00006659018
2.123933  0.00006646925
2.124126  0.00006644962
2.126944  0.00006628028
2.128213  0.00006621734
2.130257  0.00006611602
2.130333  0.00006611222
2.134184  0.00006592132
2.134516  0.00006590486
2.135564  0.00006585292
2.137541  0.0000657549
2.152236  0.00006502633
2.152721  0.00006500228
2.156941  0.0000647931
2.160326  0.00006462526
2.161714  0.00006455646
2.163799  0.00006445307
2.167623  0.00006426351
2.167755  0.00006425697
2.168841  0.00006420314
2.169432  0.00006417383
2.170771  0.00006410746
2.174116  0.00006394159
2.174387  0.00006392817
2.176451  0.00006382582
2.17659  0.00006381896
2.180129  0.00006364349
2.180925  0.00006360401
2.183073  0.00006349756
2.18584  0.00006336034
2.186729  0.0000633163
2.189574  0.00006317522
2.191735  0.00006306808
2.193786  0.00006296644
2.200437  0.00006263667
2.200615  0.00006262787
2.201683  0.00006257489
2.203313  0.00006249407
2.204298  0.00006244527
2.205767  0.00006237243
2.205972  0.00006236228
2.20669  0.00006232669
2.208207  0.00006225146
2.209199  0.0000622023
2.210254  0.00006214996
2.211657  0.00006208042
2.212763  0.00006202562
2.213217  0.00006200311
2.213514  0.00006198836
2.215824  0.00006187386
2.221071  0.0000616137
2.224941  0.00006142184
2.225684  0.000061385
2.231341  0.00006110457
2.231737  0.00006108489
2.231927  0.00006107549
2.232094  0.00006106721
2.234828  0.00006093168
2.237823  0.00006078317
2.239411  0.00006070446
2.24166  0.00006059296
2.24244  0.00006055432
2.243582  0.00006049766
2.244848  0.00006043489
2.249262  0.00006021609
2.25037  0.00006016113
2.252118  0.00006007447
2.254219  0.0000599703
2.257288  0.00005981815
2.26076  0.00005964605
2.262384  0.00005956551
2.263015  0.00005953425
2.264602  0.00005945558
2.265349  0.00005941852
2.26801  0.00005928662
2.268898  0.0000592426
2.27257  0.00005906056
2.274753  0.0000589523
2.275788  0.000058901
2.2779  0.0000587963
2.277945  0.00005879404
2.279117  0.00005873595
2.284472  0.00005847045
2.286717  0.00005835918
2.28676  0.00005835705
2.287394  0.00005832559
2.288613  0.00005826516
2.290526  0.00005817035
2.292783  0.00005805841
2.293191  0.00005803819
2.298165  0.00005779161
2.303866  0.00005750897
2.305739  0.00005741627
2.306176  0.00005739526
2.3086  0.00005727876
2.313098  0.00005706249
2.314719  0.00005698456
2.314879  0.00005697685
2.315907  0.00005692743
2.317732  0.00005683968
2.319729  0.00005674369
2.322747  0.0000565986
2.323893  0.00005654352
2.325822  0.00005645077
2.330137  0.00005624332
2.331029  0.00005620042
2.3378  0.00005587491
2.338924  0.00005582088
2.340176  0.00005576069
2.340808  0.00005573027
2.341426  0.00005570059
2.343198  0.00005561539
2.346373  0.00005546276
2.348141  0.00005537776
2.348327  0.00005536878
2.34917  0.00005532829
2.349315  0.00005532133
2.352762  0.0000551556
2.353863  0.00005510264
2.355836  0.00005500778
2.36176  0.00005472299
2.365665  0.00005453524
2.366219  0.00005450861
2.367507  0.0000544467
2.368111  0.00005441767
2.369357  0.00005435776
2.371217  0.00005426836
2.3715  0.00005425471
2.371867  0.00005423709
2.371959  0.00005423265
2.372038  0.00005422887
2.37389  0.00005413982
2.373988  0.00005413512
2.374642  0.00005410366
2.374943  0.00005408921
2.375348  0.00005406971
2.375824  0.00005404683
2.3772  0.00005398068
2.377223  0.0000539796
2.378191  0.00005393303
2.379958  0.00005384811
2.382041  0.00005374794
2.382376  0.00005373183
2.386236  0.00005354628
2.386985  0.00005351027
2.38844  0.00005344033
2.389113  0.00005340796
2.389559  0.00005338651
2.391312  0.00005330222
2.391926  0.00005327273
2.39396  0.00005317492
2.395345  0.00005310835
2.396513  0.0000530522
2.396625  0.00005304679
2.39798  0.00005298169
2.398652  0.00005294937
2.398941  0.00005293548
2.400495  0.00005286076
2.402021  0.00005278739
2.402486  0.00005276506
2.404767  0.00005265537
2.413879  0.0000522173
2.415785  0.00005212566
2.421821  0.00005183549
2.424292  0.00005171671
2.424967  0.00005168421
2.425474  0.00005165984
2.426323  0.00005161905
2.426873  0.00005159257
2.428803  0.00005149983
2.429216  0.00005147994
2.429444  0.00005146901
2.43179  0.00005135621
2.435536  0.00005117609
2.436063  0.00005115076
2.438435  0.00005103676
2.44009  0.00005095718
2.44532  0.00005070574
2.448568  0.00005054958
2.44953  0.00005050335
2.450376  0.00005046266
2.454001  0.00005028839
2.454689  0.00005025528
2.460967  0.00004995349
2.46121  0.00004994182
2.462757  0.00004986744
2.463144  0.00004984882
2.465381  0.00004974125
2.465771  0.0000497225
2.466274  0.00004969833
2.467382  0.00004964821
2.468444  0.00004960568
2.475702  0.0000493152
2.479539  0.00004916162
2.480057  0.00004914091
2.480466  0.00004912453
2.480541  0.00004912153
2.481202  0.00004909508
2.482097  0.00004905924
2.48339  0.0000490075
2.483979  0.00004898394
2.484539  0.00004896152
2.485039  0.00004894148
2.488677  0.00004879591
2.489226  0.00004877394
2.489351  0.00004876891
2.489449  0.00004876498
2.490007  0.00004874268
2.490405  0.00004872675
2.491645  0.0000486771
2.493076  0.00004861983
2.493923  0.00004858593
2.494168  0.00004857613
2.496887  0.0000484673
2.500652  0.00004831659
2.503232  0.00004821335
2.503267  0.00004821194
2.506354  0.00004808838
2.507989  0.00004802294
2.508285  0.00004801109
2.510917  0.00004790576
2.511963  0.00004786391
2.513453  0.00004780425
2.520045  0.0000475404
2.520585  0.00004751881
2.521671  0.00004747534
2.521764  0.00004747163
2.522671  0.00004743531
2.522805  0.00004742996
2.523304  0.00004740997
2.524593  0.00004735841
2.525343  0.00004732836
2.526899  0.0000472661
2.527093  0.00004725833
2.529719  0.00004715321
2.529746  0.00004715214
2.537221  0.00004685296
2.538549  0.00004679981
2.538839  0.0000467882
2.53888  0.00004678658
2.539799  0.00004674979
2.539998  0.00004674184
2.543366  0.00004660703
2.544745  0.00004655183
2.545027  0.00004654054
2.545504  0.00004652146
2.545523  0.00004652069
2.550038  0.00004634
2.553723  0.00004619251
2.558295  0.0000460095
2.559509  0.0000459609
2.560805  0.00004590904
2.56372  0.00004579236
2.564002  0.00004578111
2.564252  0.00004577107
2.568884  0.00004558568
2.571202  0.0000454929
2.57159  0.00004547739
2.572772  0.00004543006
2.572879  0.0000454258
2.574347  0.00004536705
2.577079  0.0000452577
2.579732  0.00004515152
2.580748  0.00004511087
2.581075  0.00004509775
2.581115  0.00004509617
2.581929  0.00004506359
2.583636  0.00004499524
2.584353  0.00004496657
2.586015  0.00004490003
2.589964  0.000044742
2.590389  0.000044725
2.590529  0.00004471936
2.591382  0.00004468525
2.592277  0.00004464943
2.593701  0.00004459241
2.594874  0.00004454549
2.597967  0.0000444217
2.598828  0.00004438723
2.601299  0.00004428832
2.603287  0.00004420876
2.605071  0.00004413735
2.605549  0.00004411822
2.606781  0.00004406889
2.607728  0.00004403102
2.608016  0.0000440195
2.608466  0.00004400148
2.610491  0.0000439204
2.610497  0.00004392018
2.611203  0.0000438919
2.61274  0.00004383042
2.61897  0.00004358105
2.619548  0.00004355793
2.619573  0.00004355691
2.63345  0.00004300152
2.635591  0.00004291582
2.635707  0.00004291116
2.639556  0.00004275713
2.640232  0.00004273009
2.641269  0.00004268858
2.643585  0.00004259588
2.645527  0.00004251815
2.648885  0.00004238374
2.649063  0.00004237662
2.649649  0.00004235316
2.649988  0.00004233958
2.650365  0.00004232452
2.653713  0.00004219051
2.653974  0.00004218007
2.654418  0.0000421623
2.656234  0.00004208959
2.658663  0.0000419924
2.662672  0.00004183275
2.667983  0.00004167431
2.672344  0.00004154423
2.673196  0.00004151881
2.674173  0.00004148967
2.675042  0.00004146374
2.677854  0.00004137985
2.679391  0.00004133401
2.679682  0.00004132532
2.682008  0.00004125595
2.682912  0.00004122899
2.6849  0.0000411697
2.685001  0.00004116667
2.685605  0.00004114865
2.689346  0.00004103705
2.690219  0.00004101102
2.690772  0.00004099452
2.691564  0.0000409709
2.692488  0.00004094333
2.692922  0.00004093037
2.694601  0.00004088029
2.695002  0.00004086835
2.695299  0.00004085946
2.700174  0.00004071405
2.701753  0.00004066696
2.702854  0.00004063411
2.704896  0.0000405732
2.707108  0.0000405072
2.707393  0.00004049871
2.711676  0.00004037094
2.713465  0.00004031758
2.714197  0.00004029575
2.715089  0.00004026913
2.715223  0.00004026514
2.715365  0.00004026089
2.720051  0.00004012113
2.721729  0.00004007105
2.724408  0.00003999116
2.725422  0.00003996091
2.725688  0.00003995297
2.726723  0.00003992208
2.728827  0.00003985932
2.730039  0.00003982318
2.730608  0.00003980621
2.731233  0.00003978757
2.73243  0.00003975184
2.736921  0.00003961788
2.738177  0.00003958041
2.743646  0.00003941728
2.74564  0.0000393578
2.745834  0.00003935201
2.74669  0.00003932647
2.749473  0.00003924345
2.750667  0.00003920783
2.754095  0.00003910559
2.758269  0.00003898107
2.758337  0.00003897905
2.760106  0.00003892628
2.762304  0.00003886071
2.763371  0.00003882886
2.763445  0.00003882666
2.765433  0.00003876737
2.765448  0.00003876693
2.765532  0.0000387644
2.767785  0.00003869721
2.768427  0.00003867806
2.769232  0.00003865404
2.770473  0.00003861701
2.772574  0.00003855435
2.774243  0.00003850457
2.774373  0.00003850067
2.777088  0.0000384197
2.777265  0.00003841441
2.77944  0.00003834953
2.780473  0.00003831871
2.782245  0.00003826587
2.783079  0.00003824099
2.783452  0.00003822985
2.783766  0.00003822049
2.785945  0.00003815548
2.786037  0.00003815274
2.786332  0.00003814395
2.787762  0.00003810129
2.788388  0.00003808262
2.789034  0.00003806333
2.789896  0.00003803763
2.791098  0.00003800176
2.791207  0.00003799853
2.791352  0.00003799418
2.791512  0.00003798941
2.791578  0.00003798745
2.793239  0.0000379379
2.793992  0.00003791545
2.794225  0.00003790848
2.796529  0.00003783975
2.797727  0.00003780402
2.799667  0.00003774615
2.799669  0.00003774609
2.800153  0.00003773165
2.801841  0.00003768132
2.801876  0.00003768027
2.802314  0.00003766721
2.802928  0.00003764888
2.803444  0.00003763349
2.803684  0.00003762634
2.804442  0.00003760371
2.804568  0.00003759994
2.80621  0.00003755099
2.807409  0.0000375152
2.80936  0.00003745702
2.809816  0.0000374434
2.810965  0.00003740914
2.819946  0.00003714123
2.821626  0.00003709112
2.823567  0.00003703321
2.828101  0.00003689797
2.832592  0.000036764
2.833221  0.00003674523
2.833371  0.00003674075
2.834345  0.0000367117
2.835517  0.00003667674
2.835586  0.00003667469
2.836532  0.00003664646
2.839363  0.000036562
2.841634  0.00003649426
2.843479  0.00003643923
2.845285  0.00003638536
2.846916  0.00003633672
2.849582  0.00003625719
2.851937  0.00003618694
2.852737  0.00003616306
2.855276  0.00003608733
2.856298  0.00003605683
2.857136  0.00003603185
2.85818  0.0000360007
2.858764  0.00003598327
2.859033  0.00003597526
2.860761  0.00003592371
2.861623  0.00003589801
2.861874  0.0000358905
2.862753  0.00003586428
2.865715  0.00003577593
2.869048  0.0000356878
2.871413  0.00003564206
2.875015  0.00003557237
2.876024  0.00003555284
2.877208  0.00003552995
2.878371  0.00003550744
2.880691  0.00003546257
2.881795  0.0000354412
2.882187  0.00003543362
2.885834  0.00003536307
2.886258  0.00003535488
2.887678  0.00003532741
2.888608  0.0000353094
2.889385  0.00003529438
2.890107  0.00003528042
2.891655  0.00003525046
2.894827  0.0000351891
2.895416  0.00003517771
2.896612  0.00003515458
2.898543  0.00003511721
2.899026  0.00003510787
2.899099  0.00003510646
2.90213  0.00003504784
2.905882  0.00003497525
2.906422  0.0000349648
2.906477  0.00003496374
2.906531  0.00003496268
2.910839  0.00003487935
2.911829  0.00003486019
2.915522  0.00003478876
2.915883  0.00003478176
2.917358  0.00003475324
2.919276  0.00003471614
2.919659  0.00003470872
2.921865  0.00003466605
2.922183  0.0000346599
2.922203  0.00003465951
2.924616  0.00003461283
2.9252  0.00003460153
2.925663  0.00003459258
2.926779  0.00003457099
2.927215  0.00003456255
2.927807  0.0000345511
2.928967  0.00003452866
2.931858  0.00003447273
2.932437  0.00003446153
2.936027  0.00003439209
2.939761  0.00003431985
2.940237  0.00003431065
2.94081  0.00003429955
2.941737  0.00003428162
2.941945  0.0000342776
2.941999  0.00003427656
2.942961  0.00003425794
2.945287  0.00003421295
2.94662  0.00003418716
2.950463  0.00003411282
2.951888  0.00003408525
2.953424  0.00003405554
2.953835  0.00003404758
2.954044  0.00003404354
2.954567  0.00003403343
2.955875  0.00003400812
2.956516  0.00003399572
2.959718  0.00003393377
2.960453  0.00003391957
2.963065  0.00003386903
2.96359  0.00003385887
2.963742  0.00003385593
2.966644  0.0000337998
2.966985  0.00003379319
2.969505  0.00003374445
2.970736  0.00003372063
2.971528  0.0000337053
2.972052  0.00003369517
2.97209  0.00003369444
2.972156  0.00003369317
2.972416  0.00003368813
2.972825  0.00003368022
2.972993  0.00003367696
2.974673  0.00003364448
2.981443  0.0000335135
2.981736  0.00003350783
2.98196  0.00003350351
2.985467  0.00003343566
2.985618  0.00003343273
2.987741  0.00003339168
2.989256  0.00003336236
2.989405  0.00003335947
2.989964  0.00003334866
2.991215  0.00003332446
2.992818  0.00003329346
2.994967  0.00003325188
2.99524  0.0000332466
2.99547  0.00003324215
2.997015  0.00003321226
3.001815  0.0000331194
3.004358  0.00003307022
3.013313  0.00003289698
3.016678  0.00003283188
3.016945  0.00003282671
3.01793  0.00003280767
3.019975  0.0000327681
3.020242  0.00003276293
3.02106  0.0000327471
3.023238  0.00003270497
3.023508  0.00003269974
3.025279  0.00003266549
3.025483  0.00003266154
3.026239  0.00003264693
3.026317  0.0000326454
3.026709  0.00003263782
3.028846  0.00003259649
3.032573  0.00003252439
3.032721  0.00003252153
3.035398  0.00003246973
3.035619  0.00003246546
3.037104  0.00003243673
3.037319  0.00003243257
3.038613  0.00003240754
3.039959  0.00003238151
3.040171  0.0000323774
3.040664  0.00003236787
3.043689  0.00003230936
3.045033  0.00003228336
3.048298  0.00003222018
3.053049  0.00003212828
3.053839  0.00003211299
3.054486  0.00003210048
3.057017  0.00003205152
3.057938  0.0000320337
3.059389  0.00003200564
3.060576  0.00003198267
3.060855  0.00003197727
3.062665  0.00003194226
3.064221  0.00003191214
3.067449  0.0000318497
3.068661  0.00003182627
3.070609  0.00003178857
3.072288  0.00003175609
3.07236  0.0000317547
3.072723  0.00003174767
3.07462  0.00003171099
3.074766  0.00003170815
3.075945  0.00003168535
3.076224  0.00003167995
3.078321  0.00003163938
3.080564  0.000031596
3.082717  0.00003155434
3.083449  0.00003154018
3.087239  0.00003146687
3.087647  0.00003145898
3.088112  0.00003144998
3.095109  0.00003131463
3.098922  0.00003124085
3.099568  0.00003122836
3.100743  0.00003120564
3.101425  0.00003119243
3.102808  0.00003116569
3.103541  0.00003115149
3.104282  0.00003113717
3.104693  0.00003112921
3.10584  0.00003110703
3.115508  0.00003092
3.115716  0.00003091596
3.115909  0.00003091224
3.116633  0.00003089824
3.119951  0.000030846
3.120639  0.00003083587
3.123279  0.00003079696
3.12373  0.00003079032
3.125921  0.00003075803
3.125988  0.00003075706
3.129569  0.00003070428
3.132395  0.00003066265
3.133697  0.00003064346
3.135611  0.00003061526
3.138319  0.00003057537
3.138561  0.0000305718
3.138862  0.00003056736
3.13899  0.00003056547
3.14037  0.00003054515
3.142938  0.00003050731
3.144113  0.00003049
3.145759  0.00003046575
3.148473  0.00003042576
3.149264  0.0000304141
3.149282  0.00003041384
3.152817  0.00003036176
3.161554  0.00003023302
3.163135  0.00003020973
3.16353  0.0000302039
3.163592  0.00003020299
3.166029  0.00003016709
3.167682  0.00003014273
3.167783  0.00003014124
3.168034  0.00003013754
3.168374  0.00003013253
3.168437  0.00003013161
3.170894  0.00003009541
3.17132  0.00003008914
3.171775  0.00003008242
3.17344  0.00003005789
3.17483  0.00003003741
3.175291  0.00003003062
3.175438  0.00003002845
3.177291  0.00003000115
3.177878  0.00002999251
3.17893  0.00002997701
3.179149  0.00002997377
3.179825  0.00002996381
3.180985  0.00002994672
3.181181  0.00002994384
3.182729  0.00002992103
3.183523  0.00002990934
3.1842  0.00002989936
3.18439  0.00002989656
3.187126  0.00002985625
3.187198  0.00002985519
3.187737  0.00002984724
3.189773  0.00002981725
3.189941  0.00002981476
3.19296  0.00002977029
3.193473  0.00002976274
3.194835  0.00002974267
3.194979  0.00002974054
3.198345  0.00002969094
3.198552  0.0000296879
3.201773  0.00002964043
3.202327  0.00002963228
3.203523  0.00002961466
3.20353  0.00002961455
3.208225  0.00002954537
3.20909  0.00002953263
3.209247  0.00002953032
3.209519  0.00002952631
3.217916  0.00002940259
3.222766  0.00002933114
3.223067  0.0000293267
3.2251  0.00002929674
3.229305  0.00002923478
3.233039  0.00002917977
3.23306  0.00002917946
3.233067  0.00002917936
3.234937  0.00002915181
3.239982  0.00002907747
3.243588  0.00002902434
3.245733  0.00002899273
3.2485  0.00002895196
3.249331  0.00002893972
3.251933  0.00002890139
3.252558  0.00002889217
3.254711  0.00002886046
3.256469  0.00002883456
3.257342  0.00002882168
3.259694  0.00002878703
3.262294  0.00002874873
3.262556  0.00002874488
3.262764  0.0000287418
3.262785  0.00002874149
3.263999  0.00002872361
3.265084  0.00002870763
3.267232  0.00002867598
3.267995  0.00002866473
3.271559  0.00002861222
3.272486  0.00002859856
3.275036  0.00002856099
3.275578  0.000028553
3.277491  0.00002852482
3.280603  0.00002847897
3.284857  0.00002841628
3.286625  0.00002839023
3.287338  0.00002837973
3.290107  0.00002833894
3.291993  0.00002831114
3.292537  0.00002830313
3.296052  0.00002825135
3.296423  0.00002824588
3.2979  0.00002822411
3.297908  0.00002822399
3.29839  0.0000282169
3.299244  0.0000282043
3.299916  0.00002819441
3.301022  0.00002817811
3.302353  0.00002815851
3.302485  0.00002815656
3.304508  0.00002812676
3.307233  0.0000280866
3.30805  0.00002807456
3.310553  0.00002803768
3.312698  0.00002800608
3.314202  0.00002798392
3.315667  0.00002796233
3.3164  0.00002795153
3.317076  0.00002794158
3.317133  0.00002794074
3.31753  0.00002793488
3.318073  0.00002792688
3.318351  0.0000279228
3.318625  0.00002791875
3.320146  0.00002789634
3.320499  0.00002789114
3.326222  0.00002780681
3.330899  0.0000277379
3.333556  0.00002769876
3.335503  0.00002767008
3.336181  0.00002766009
3.337696  0.00002763777
3.339653  0.00002760893
3.339685  0.00002760845
3.341364  0.00002758372
3.344161  0.00002754251
3.345569  0.00002752175
3.347462  0.00002749387
3.350487  0.00002744931
3.350791  0.00002744483
3.351447  0.00002743516
3.354023  0.00002740324
3.357314  0.00002736497
3.359244  0.00002734252
3.361465  0.00002731668
3.367968  0.00002724105
3.369851  0.00002721916
3.370092  0.00002721635
3.370461  0.00002721206
3.370942  0.00002720647
3.371537  0.00002719955
3.372454  0.00002718888
3.373276  0.00002717931
3.377435  0.00002713095
3.383163  0.00002706433
3.385806  0.00002703359
3.388907  0.00002699753
3.391639  0.00002696576
3.393663  0.00002694222
3.402933  0.00002683439
3.405839  0.00002680061
3.406094  0.00002679763
3.407757  0.00002677829
3.408975  0.00002676413
3.409643  0.00002675637
3.411951  0.00002672951
3.412179  0.00002672686
3.417167  0.00002666885
3.417684  0.00002666284
3.427687  0.0000265465
3.431205  0.00002650559
3.435722  0.00002645305
3.440682  0.00002639537
3.441443  0.00002638651
3.444057  0.00002635611
3.444807  0.00002634739
3.446382  0.00002632908
3.449097  0.00002629751
3.449759  0.0000262898
3.456054  0.00002621659
3.458102  0.00002619277
3.458387  0.00002618945
3.464225  0.00002612155
3.468506  0.00002607177
3.470873  0.00002604423
3.473586  0.00002601269
3.474063  0.00002600713
3.475747  0.00002598755
3.479188  0.00002594754
3.482138  0.00002591323
3.48258  0.00002590809
3.488633  0.00002583768
3.49305  0.00002578632
3.493524  0.0000257808
3.497761  0.00002573152
3.498824  0.00002571917
3.499814  0.00002570764
3.502328  0.00002567841
3.503144  0.00002566892
3.503606  0.00002566355
3.507411  0.00002561929
3.50941  0.00002559605
3.510661  0.00002558149
3.511831  0.00002556789
3.513395  0.00002554969
3.513404  0.00002554959
3.513628  0.00002554699
3.516752  0.00002551066
3.518552  0.00002548972
3.518604  0.00002548912
3.521333  0.00002545738
3.524563  0.00002541981
3.526189  0.0000254009
3.527408  0.00002538672
3.527701  0.00002538331
3.528282  0.00002537656
3.52919  0.000025366
3.530468  0.00002535113
3.535664  0.00002529071
3.537042  0.00002527468
3.537347  0.00002527113
3.53805  0.00002526295
3.538343  0.00002525954
3.538807  0.00002525414
3.540628  0.00002523297
3.542208  0.0000252146
3.548496  0.00002514147
3.548653  0.00002513964
3.551624  0.00002510509
3.551633  0.00002510498
3.556003  0.00002505415
3.558869  0.00002502083
3.55894  0.00002501999
3.560205  0.00002500529
3.561975  0.0000249847
3.563222  0.00002497019
3.564797  0.00002495188
3.567411  0.00002492148
3.567822  0.0000249167
3.567866  0.00002491618
3.568622  0.00002490739
3.569063  0.00002490227
3.569298  0.00002489954
3.569896  0.00002489258
3.570833  0.00002488168
3.572442  0.00002486297
3.576701  0.00002481344
3.576747  0.0000248129
3.576781  0.0000248125
3.577095  0.00002480885
3.578422  0.00002479342
3.586215  0.00002470278
3.589615  0.00002466324
3.589899  0.00002465994
3.590827  0.00002464915
3.590912  0.00002464815
3.59161  0.00002464004
3.593637  0.00002461647
3.597595  0.00002457042
3.599555  0.00002454763
3.600004  0.00002454242
3.604853  0.00002448602
3.607972  0.00002444975
3.612309  0.0000243993
3.612416  0.00002439806
3.613381  0.00002438683
3.615174  0.00002436599
3.615256  0.00002436503
3.616  0.00002435637
3.617354  0.00002434598
3.621454  0.00002431635
3.623344  0.0000243027
3.624821  0.00002429202
3.626084  0.00002428289
3.627926  0.00002426958
3.628264  0.00002426714
3.631052  0.00002424699
3.631766  0.00002424183
3.631891  0.00002424093
3.634612  0.00002422126
3.635015  0.00002421835
3.635351  0.00002421592
3.636508  0.00002420756
3.637655  0.00002419927
3.638255  0.00002419493
3.640167  0.00002418111
3.640241  0.00002418058
3.641918  0.00002416846
3.643937  0.00002415387
3.644929  0.0000241467
3.651186  0.00002410148
3.651576  0.00002409866
3.652605  0.00002409122
3.654962  0.00002407419
3.655324  0.00002407157
3.655982  0.00002406682
3.657229  0.00002405781
3.664523  0.00002400509
3.66467  0.00002400403
3.665441  0.00002399845
3.667029  0.00002398698
3.66807  0.00002397945
3.670368  0.00002396285
3.67081  0.00002395965
3.679863  0.00002389422
3.680333  0.00002389083
3.68036  0.00002389064
3.681767  0.00002388046
3.684031  0.0000238641
3.684209  0.00002386281
3.684437  0.00002386117
3.685615  0.00002385265
3.687926  0.00002383595
3.689329  0.00002382581
3.690322  0.00002381863
3.692112  0.0000238057
3.694354  0.0000237895
3.696579  0.00002377342
3.696998  0.00002377038
3.697318  0.00002376808
3.697537  0.00002376649
3.69987  0.00002374963
3.70158  0.00002373727
3.70171  0.00002373633
3.701934  0.00002373471
3.704697  0.00002371474
3.705284  0.0000237105
3.7053  0.00002371038
3.708761  0.00002368537
3.709502  0.00002368002
3.710294  0.0000236743
3.71108  0.00002366861
3.712133  0.000023661
3.713924  0.00002364806
3.716122  0.00002363217
3.720215  0.00002360259
3.72033  0.00002360176
3.72052  0.00002360039
3.724415  0.00002357224
3.724466  0.00002357187
3.724473  0.00002357182
3.724828  0.00002356925
3.726092  0.00002356012
3.726694  0.00002355577
3.726701  0.00002355572
3.72837  0.00002354366
3.728586  0.0000235421
3.72956  0.00002353506
3.73372  0.00002350499
3.733777  0.00002350458
3.734803  0.00002349716
3.736612  0.00002348409
3.738175  0.00002347279
3.738462  0.00002347072
3.738915  0.00002346745
3.74181  0.00002344652
3.743502  0.00002343429
3.748102  0.00002340105
3.750873  0.00002338102
3.757039  0.00002333646
3.757496  0.00002333316
3.758215  0.00002332796
3.763463  0.00002329004
3.7635  0.00002328977
3.765354  0.00002327637
3.766287  0.00002326962
3.767075  0.00002326393
3.773051  0.00002322074
3.774056  0.00002321348
3.774302  0.0000232117
3.776713  0.00002319428
3.777768  0.00002318665
3.778797  0.00002317921
3.779199  0.00002317631
3.780197  0.00002316909
3.780424  0.00002316745
3.783755  0.00002314338
3.784191  0.00002314023
3.787203  0.00002311846
3.787565  0.00002311584
3.790843  0.00002309216
3.790881  0.00002309188
3.793494  0.000023073
3.793775  0.00002307096
3.795608  0.00002305771
3.796191  0.0000230535
3.798416  0.00002303742
3.802812  0.00002300566
3.806725  0.00002297737
3.810833  0.00002294769
3.813367  0.00002292937
3.81409  0.00002292414
3.815476  0.00002291413
3.817323  0.00002290078
3.81929  0.00002288656
3.819292  0.00002288655
3.820598  0.00002287711
3.821384  0.00002287143
3.822637  0.00002286238
3.822992  0.00002285981
3.823329  0.00002285737
3.826594  0.00002283378
3.828577  0.00002281944
3.831849  0.00002279474
3.831946  0.00002279385
3.832319  0.00002279044
3.835417  0.00002276212
3.836828  0.00002274922
3.838651  0.00002273255
3.838758  0.00002273158
3.839103  0.00002272842
3.841734  0.00002270438
3.844088  0.00002268285
3.844804  0.00002267631
3.846609  0.00002265981
3.848115  0.00002264604
3.852192  0.00002260877
3.854306  0.00002258944
3.855114  0.00002258206
3.855346  0.00002257993
3.857342  0.00002256169
3.858106  0.0000225547
3.859279  0.00002254398
3.862385  0.00002251559
3.867443  0.00002246935
3.868153  0.00002246286
3.869455  0.00002245096
3.872065  0.0000224271
3.873062  0.00002241799
3.876559  0.00002238601
3.878964  0.00002236403
3.879301  0.00002236095
3.880764  0.00002234757
3.881653  0.00002233945
3.881795  0.00002233814
3.883463  0.0000223229
3.884241  0.00002231579
3.885691  0.00002230253
3.886327  0.00002229672
3.891342  0.00002225087
3.892424  0.00002224098
3.892425  0.00002224097
3.894706  0.00002222012
3.895595  0.00002221199
3.898862  0.00002218213
3.899389  0.00002217731
3.902038  0.00002215309
3.906074  0.0000221162
3.907406  0.00002210402
3.910566  0.00002207513
3.912219  0.00002206002
3.914249  0.00002204146
3.915454  0.00002203045
3.915457  0.00002203042
3.918428  0.00002200326
3.92244  0.00002196658
3.92246  0.0000219664
3.925978  0.00002193424
3.929667  0.00002190052
3.930871  0.00002188951
3.933163  0.00002186855
3.933735  0.00002186333
3.934416  0.0000218571
3.937438  0.00002182948
3.938036  0.00002182401
3.938871  0.00002181638
3.941782  0.00002178976
3.944177  0.00002176787
3.945821  0.00002175284
3.946486  0.00002174676
3.94941  0.00002172003
3.950053  0.00002171415
3.95198  0.00002169653
3.954164  0.00002167657
3.954299  0.00002167533
3.954321  0.00002167513
3.954799  0.00002167077
3.95723  0.00002164854
3.957788  0.00002164344
3.96253  0.00002160009
3.965031  0.00002157723
3.967524  0.00002155444
3.971041  0.00002152228
3.973535  0.00002149949
3.974634  0.00002148944
3.974753  0.00002148835
3.979207  0.00002144763
3.979267  0.00002144709
3.981635  0.00002142544
3.982773  0.00002141503
3.984733  0.00002139712
3.985224  0.00002139263
3.985249  0.0000213924
3.985584  0.00002138934
3.986137  0.00002138428
3.987159  0.00002137494
3.987418  0.00002137257
3.990356  0.00002134572
3.991285  0.00002133722
3.992742  0.00002132391
3.99553  0.00002129842
3.995648  0.00002129734
3.996337  0.00002129104
3.999847  0.00002125895
4.001015  0.00002124827
4.001877  0.00002124039
4.002003  0.00002123924
4.003805  0.00002122276
4.005944  0.00002120321
4.006289  0.00002120006
4.006681  0.00002119647
4.007305  0.00002119077
4.015316  0.00002111753
4.017603  0.00002109663
4.019292  0.00002108119
4.019766  0.00002107685
4.021257  0.00002106322
4.022091  0.0000210556
4.022826  0.00002104888
4.024136  0.00002103691
4.024743  0.00002103136
4.028338  0.00002099849
4.02961  0.00002098686
4.029664  0.00002098637
4.034943  0.00002093811
4.035576  0.00002093233
4.036468  0.00002092417
4.037182  0.00002091764
4.040494  0.00002088737
4.045326  0.00002084319
4.047221  0.00002082587
4.047753  0.00002082101
4.048139  0.00002081748
4.04848  0.00002081436
4.049219  0.00002080761
4.052212  0.00002078513
4.054415  0.00002077739
4.054672  0.00002077649
4.055288  0.00002077433
4.057189  0.00002076766
4.057371  0.00002076702
4.062644  0.00002074851
4.066362  0.00002073545
4.067468  0.00002073157
4.069168  0.0000207256
4.069223  0.00002072541
4.073673  0.00002070979
4.074832  0.00002070572
4.075782  0.00002070238
4.0761  0.00002070127
4.07999  0.00002068761
4.08055  0.00002068564
4.084896  0.00002067039
4.084961  0.00002067016
4.086354  0.00002066527
4.088141  0.000020659
4.088163  0.00002065892
4.088662  0.00002065717
4.091601  0.00002064685
4.0981  0.00002062403
4.099191  0.0000206202
4.101129  0.0000206134
4.103101  0.00002060648
4.104401  0.00002060191
4.104815  0.00002060046
4.105342  0.00002059861
4.108326  0.00002058813
4.109632  0.00002058355
4.112915  0.00002057202
4.113388  0.00002057036
4.115902  0.00002056154
4.120649  0.00002054487
4.120972  0.00002054374
4.121049  0.00002054347
4.122215  0.00002053937
4.123065  0.00002053639
4.124551  0.00002053117
4.125929  0.00002052634
4.129439  0.00002051401
4.130138  0.00002051156
4.134239  0.00002049716
4.134779  0.00002049527
4.13536  0.00002049323
4.135637  0.00002049226
4.140064  0.00002047671
4.141161  0.00002047286
4.141201  0.00002047272
4.144129  0.00002046244
4.144791  0.00002046012
4.145119  0.00002045897
4.149135  0.00002044487
4.149371  0.00002044404
4.150577  0.00002043981
4.150749  0.0000204392
4.151174  0.00002043771
4.152193  0.00002043413
4.153252  0.00002043041
4.153322  0.00002043017
4.153446  0.00002042973
4.153531  0.00002042943
4.15375  0.00002042867
4.155126  0.00002042383
4.155602  0.00002042216
4.155983  0.00002042083
4.158403  0.00002041233
4.159295  0.0000204092
4.159984  0.00002040678
4.160875  0.00002040365
4.161817  0.00002040035
4.162313  0.0000203986
4.163052  0.00002039601
4.169821  0.00002037225
4.17023  0.00002037081
4.170495  0.00002036988
4.170714  0.00002036911
4.173336  0.00002035991
4.17465  0.00002035529
4.175603  0.00002035195
4.176203  0.00002034984
4.177107  0.00002034667
4.179384  0.00002033868
4.183113  0.00002032558
4.184247  0.0000203216
4.185484  0.00002031726
4.189657  0.00002030261
4.193815  0.00002028801
4.194064  0.00002028714
4.1971  0.00002027648
4.197353  0.00002027559
4.197912  0.00002027363
4.198146  0.00002027281
4.199402  0.0000202684
4.200742  0.00002026369
4.200839  0.00002026335
4.20314  0.00002025528
4.204206  0.00002025153
4.20751  0.00002023994
4.207908  0.00002023854
4.20998  0.00002023126
4.210108  0.00002023081
4.210622  0.00002022901
4.213665  0.00002021833
4.215455  0.00002021204
4.21577  0.00002021094
4.215807  0.00002021081
4.216264  0.0000202092
4.218022  0.00002020303
4.219881  0.0000201965
4.221944  0.00002018926
4.222716  0.00002018655
4.225332  0.00002017737
4.225692  0.00002017611
4.228172  0.0000201674
4.230508  0.0000201592
4.232438  0.00002015242
4.232778  0.00002015123
4.233978  0.00002014701
4.235846  0.00002014046
4.238269  0.00002013195
4.238406  0.00002013147
4.238805  0.00002013007
4.23964  0.00002012714
4.240498  0.00002012413
4.242581  0.00002011681
4.245452  0.00002010673
4.245926  0.00002010507
4.24983  0.00002009136
4.25142  0.00002008578
4.252787  0.00002008098
4.254064  0.0000200765
4.254748  0.0000200741
4.255041  0.00002007307
4.260062  0.00002005544
4.260598  0.00002005356
4.261127  0.00002005171
4.26116  0.00002005159
4.261808  0.00002004931
4.262506  0.00002004687
4.262682  0.00002004625
4.26404  0.00002004148
4.267499  0.00002002934
4.269424  0.00002002258
4.271397  0.00002001565
4.274827  0.00002000361
4.277384  0.00001999463
4.282104  0.00001997872
4.284188  0.00001997288
4.284552  0.00001997187
4.284916  0.00001997085
4.289284  0.00001995861
4.290367  0.00001995558
4.291002  0.0000199538
4.291505  0.00001995239
4.292184  0.00001995049
4.292466  0.0000199497
4.292974  0.00001994828
4.294135  0.00001994503
4.294576  0.00001994379
4.296429  0.0000199386
4.299428  0.0000199302
4.301264  0.00001992506
4.30372  0.00001991818
4.305471  0.00001991328
4.307601  0.00001990731
4.308612  0.00001990448
4.309883  0.00001990092
4.310249  0.0000198999
4.311065  0.00001989761
4.312885  0.00001989251
4.313267  0.00001989145
4.313273  0.00001989143
4.3166  0.00001988211
4.316824  0.00001988148
4.31867  0.00001987631
4.325835  0.00001985625
4.325879  0.00001985612
4.326919  0.00001985321
4.328057  0.00001985002
4.328089  0.00001984993
4.329049  0.00001984724
4.333583  0.00001983455
4.334613  0.00001983166
4.338291  0.00001982136
4.339105  0.00001981908
4.344361  0.00001980436
4.344412  0.00001980422
4.346284  0.00001979897
4.348369  0.00001979313
4.349793  0.00001978915
4.352463  0.00001978167
4.354088  0.00001977712
4.354167  0.0000197769
4.356616  0.00001977004
4.356827  0.00001976945
4.357619  0.00001976723
4.36226  0.00001975423
4.363057  0.000019752
4.363868  0.00001974973
4.364722  0.00001974733
4.368546  0.00001973662
4.368712  0.00001973616
4.369157  0.00001973491
4.36991  0.0000197328
4.371945  0.0000197271
4.372818  0.00001972466
4.37351  0.00001972272
4.376744  0.00001971366
4.37792  0.00001971037
4.380329  0.00001970362
4.38086  0.00001970214
4.381489  0.00001970037
4.382306  0.00001969809
4.382778  0.00001969676
4.383564  0.00001969456
4.383925  0.00001969355
4.385538  0.00001968903
4.386139  0.00001968735
4.386473  0.00001968642
4.389691  0.0000196774
4.39054  0.00001967503
4.391511  0.00001967231
4.394167  0.00001966487
4.394307  0.00001966448
4.39466  0.00001966349
4.395848  0.00001966016
4.397155  0.0000196565
4.397365  0.00001965591
4.397433  0.00001965572
4.398662  0.00001965228
4.400111  0.00001964822
4.4065  0.00001963033
4.411016  0.00001961768
4.412911  0.00001961237
4.413833  0.00001960979
4.414813  0.00001960705
4.415905  0.00001960399
4.417187  0.00001960039
4.421214  0.00001958912
4.421624  0.00001958797
4.422768  0.00001958477
4.423322  0.00001958321
4.424415  0.00001958015
4.426006  0.0000195757
4.428389  0.00001956902
4.433813  0.00001955383
4.435578  0.00001954889
4.438696  0.00001954016
4.440425  0.00001953531
4.441471  0.00001953238
4.446976  0.00001951697
4.447291  0.00001951608
4.447892  0.0000195144
4.448111  0.00001951379
4.450183  0.00001950798
4.450539  0.00001950699
4.454049  0.00001949716
4.454084  0.00001949706
4.456871  0.00001948925
4.464672  0.0000194674
4.465736  0.00001946442
4.466596  0.00001946202
4.468357  0.00001946091
4.469618  0.00001946091
4.47019  0.00001946091
4.477189  0.00001946091
4.478721  0.00001946091
4.47957  0.00001946091
4.481973  0.00001946091
4.482808  0.00001946091
4.48391  0.00001946091
4.486308  0.00001946091
4.486509  0.00001946091
4.49109  0.00001946091
4.491108  0.00001946091
4.499576  0.00001946091
4.50199  0.00001946091
4.502174  0.00001946091
4.503618  0.00001946091
4.503962  0.00001946091
4.504365  0.00001946091
4.505012  0.00001946091
4.505014  0.00001946091
4.506337  0.00001946091
4.508149  0.00001946091
4.510301  0.00001946091
4.510892  0.00001946091
4.515057  0.00001946091
4.518313  0.00001946091
4.520195  0.00001946091
4.5211  0.00001946091
4.522024  0.00001946091
4.522738  0.00001946091
4.523408  0.00001946091
4.523512  0.00001946091
4.523766  0.00001946091
4.524997  0.00001946091
4.525602  0.00001946091
4.527136  0.00001946091
4.527398  0.00001946091
4.529688  0.00001946091
4.530266  0.00001946091
4.531383  0.00001946091
4.534617  0.00001946091
4.536877  0.00001946091
4.537833  0.00001946091
4.539683  0.00001946091
4.544728  0.00001946091
4.547714  0.00001946091
4.547895  0.00001946091
4.550314  0.00001946091
4.553624  0.00001946091
4.555955  0.00001946091
4.55841  0.00001946091
4.561095  0.00001946091
4.5611  0.00001946091
4.563427  0.00001946091
4.566333  0.00001946091
4.567223  0.00001946091
4.568085  0.00001946091
4.568281  0.00001946091
4.569765  0.00001946091
4.571545  0.00001946091
4.571612  0.00001946091
4.573369  0.00001946091
4.57561  0.00001946091
4.575916  0.00001946091
4.576002  0.00001946091
4.576922  0.00001946091
4.57904  0.00001946091
4.580146  0.00001946091
4.582573  0.00001946091
4.583194  0.00001946091
4.587294  0.00001946091
4.589141  0.00001946091
4.589887  0.00001946091
4.592451  0.00001946091
4.594255  0.00001946091
4.5943  0.00001946091
4.59478  0.00001946091
4.595275  0.00001946091
4.595838  0.00001946091
4.595896  0.00001946091
4.596726  0.00001946091
4.59826  0.00001946091
4.599396  0.00001946091
4.600046  0.00001946091
4.60194  0.00001946091
4.603378  0.00001946091
4.606232  0.00001946091
4.60841  0.00001946091
4.611696  0.00001946091
4.613016  0.00001946091
4.616382  0.00001946091
4.617023  0.00001946091
4.617653  0.00001946091
4.621057  0.00001946091
4.622845  0.00001946091
4.62482  0.00001946091
4.62593  0.00001946091
4.626917  0.00001946091
4.627406  0.00001946091
4.627965  0.00001946091
4.628059  0.00001946091
4.628983  0.00001946091
4.629116  0.00001946091
4.636039  0.00001946091
4.636503  0.00001946091
4.636691  0.00001946091
4.636761  0.00001946091
4.638828  0.00001946091
4.639767  0.00001946091
4.640295  0.00001946091
4.640891  0.00001946091
4.642129  0.00001946091
4.643465  0.00001946091
4.643558  0.00001946091
4.644401  0.00001946091
4.644513  0.00001946091
4.647399  0.00001946091
4.648885  0.00001946091
4.65159  0.00001946091
4.652186  0.00001946091
4.652834  0.00001946091
4.653521  0.00001946091
4.653828  0.00001946091
4.654534  0.00001946091
4.654934  0.00001946091
4.655462  0.00001946091
4.655784  0.00001946091
4.65914  0.00001946091
4.659511  0.00001946091
4.660818  0.00001946091
4.662268  0.00001946091
4.663181  0.00001946091
4.668267  0.00001946091
4.669126  0.00001946091
4.669888  0.00001946091
4.671915  0.00001946091
4.675346  0.00001946091
4.675474  0.00001946091
4.67752  0.00001946091
4.677698  0.00001946091
4.680156  0.00001946091
4.681677  0.00001946091
4.681769  0.00001946091
4.682326  0.00001946091
4.685564  0.00001946091
4.689767  0.00001946091
4.690769  0.00001946091
4.691746  0.00001946091
4.692423  0.00001946091
4.694877  0.00001946091
4.698695  0.00001946091
4.69919  0.00001946091
4.701887  0.00001946091
4.705294  0.00001946091
4.705739  0.00001946091
4.707432  0.00001946091
4.711669  0.00001946091
4.712223  0.00001946091
4.716877  0.00001946091
4.718535  0.00001946091
4.718719  0.00001946091
4.722986  0.00001946091
4.723325  0.00001946091
4.723401  0.00001946091
4.725291  0.00001946091
4.728543  0.00001946091
4.730983  0.00001946091
4.734186  0.00001946091
4.736887  0.00001946091
4.737991  0.00001946091
4.739429  0.00001946091
4.740234  0.00001946091
4.741511  0.00001946091
4.74252  0.00001946091
4.742808  0.00001946091
4.743501  0.00001946091
4.743882  0.00001946091
4.74617  0.00001946091
4.750883  0.00001946091
4.751697  0.00001946091
4.752565  0.00001946091
4.754532  0.00001946091
4.755849  0.00001946091
4.757896  0.00001946091
4.758459  0.00001946091
4.760189  0.00001946091
4.760534  0.00001946091
4.760755  0.00001946091
4.76328  0.00001946091
4.764268  0.00001946091
4.764666  0.00001946091
4.765402  0.00001946091
4.767122  0.00001946091
4.768764  0.00001946091
4.770795  0.00001946091
4.772465  0.00001946091
4.773152  0.00001946091
4.774348  0.00001946091
4.776181  0.00001946091
4.776374  0.00001946091
4.777047  0.00001946091
4.777251  0.00001946091
4.782207  0.00001946091
4.786569  0.00001946091
4.78754  0.00001946091
4.789064  0.00001946091
4.789964  0.00001946091
4.792967  0.00001946091
4.793781  0.00001946091
4.79595  0.00001946091
4.796638  0.00001946091
4.799255  0.00001946091
4.79947  0.00001946091
4.800545  0.00001946091
4.801021  0.00001946091
4.805408  0.00001946091
4.809397  0.00001946091
4.811088  0.00001946091
4.812108  0.00001946091
4.814942  0.00001946091
4.816386  0.00001946091
4.819981  0.00001946091
4.820018  0.00001946091
4.820028  0.00001946091
4.820131  0.00001946091
4.820682  0.00001946091
4.820774  0.00001946091
4.821186  0.00001946091
4.822197  0.00001946091
4.824208  0.00001946091
4.829704  0.00001946091
4.830483  0.00001946091
4.83159  0.00001946091
4.833685  0.00001946091
4.834413  0.00001946091
4.837039  0.00001946091
4.838625  0.00001946091
4.840247  0.00001946091
4.844341  0.00001946091
4.84449  0.00001946091
4.844693  0.00001946091
4.845552  0.00001946091
4.848514  0.00001946091
4.848649  0.00001946091
4.849619  0.00001946091
4.849902  0.00001946091
4.850766  0.00001946091
4.852088  0.00001946091
4.854312  0.00001946091
4.860921  0.00001946091
4.863747  0.00001946091
4.864484  0.00001946091
4.866753  0.00001946091
4.869242  0.00001946091
4.874556  0.00001946091
4.878906  0.00001946091
4.882484  0.00001946091
4.884852  0.00001946091
4.885961  0.00001946091
4.886599  0.00001946091
4.887426  0.00001946091
4.890923  0.00001946091
4.891304  0.00001946091
4.893216  0.00001946091
4.89354  0.00001946091
4.895332  0.00001946091
4.898011  0.00001946091
4.898835  0.00001946091
4.899995  0.00001946091
4.900341  0.00001946091
4.900714  0.00001946091
4.900882  0.00001946091
4.900912  0.00001946091
4.903665  0.00001946091
4.907962  0.00001946091
4.911614  0.00001946091
4.911921  0.00001946091
4.915593  0.00001946091
4.915815  0.00001946091
4.917736  0.00001946091
4.918086  0.00001946091
4.919097  0.00001946091
4.919541  0.00001946091
4.920251  0.00001946091
4.920965  0.00001946091
4.921027  0.00001946091
4.923686  0.00001946091
4.92524  0.00001946091
4.926619  0.00001946091
4.929432  0.00001945365
4.930613  0.00001945057
4.932101  0.00001944669
4.933148  0.00001944396
4.935836  0.00001943695
4.93587  0.00001943686
4.936247  0.00001943587
4.936334  0.00001943564
4.938049  0.00001943117
4.93826  0.00001943062
4.9433  0.00001941748
4.94352  0.0000194169
4.944888  0.00001941333
4.945209  0.0000194125
4.945857  0.00001941081
4.946249  0.00001940978
4.948955  0.00001940272
4.954177  0.0000193891
4.963732  0.00001936418
4.966293  0.0000193575
4.969283  0.0000193497
4.972406  0.00001934155
4.973001  0.00001934
4.975738  0.00001933286
4.975903  0.00001933243
4.976869  0.00001932991
4.981013  0.0000193191
4.987871  0.00001930121
4.987926  0.00001930107
4.98867  0.00001929913
4.989258  0.0000192976
4.990896  0.00001929332
4.996833  0.00001927784
4.997184  0.00001927692
5.000132  0.00001926923
5.000482  0.00001926832
5.001877  0.00001926468
5.002947  0.00001926189
5.002961  0.00001926185
5.003355  0.00001926083
5.003782  0.00001925971
5.00669  0.00001925213
5.007534  0.00001924992
5.008656  0.000019247
5.008935  0.00001924627
5.011565  0.00001923941
5.013214  0.00001923511
5.014941  0.0000192306
5.017  0.00001922523