0.3008509  7.625245
0.3010788  7.611673
0.303651  7.458488
0.3046738  7.397577
0.3056948  7.336772
0.3066005  7.282835
0.3075034  7.229065
0.3088292  7.150104
0.3088511  7.148805
0.3100641  7.076563
0.3127995  6.913658
0.3142488  6.827349
0.3143488  6.821393
0.3144211  6.817085
0.3180767  6.599384
0.31905  6.541416
0.3205991  6.449163
0.3253695  6.165066
0.3280298  6.006639
0.3334914  5.681374
0.3335825  5.675949
0.3382493  5.398023
0.3387008  5.371135
0.3390032  5.353129
0.3404062  5.269574
0.3424236  5.149428
0.3429814  5.116213
0.3437083  5.072918
0.3472081  4.864492
0.3479761  4.818756
0.3490327  4.75583
0.3496901  4.71668
0.3497474  4.71327
0.3513181  4.619727
0.3564982  4.311229
0.3592104  4.149711
0.3611202  4.035973
0.3620372  3.981365
0.3637143  3.881483
0.3649264  3.809301
0.3687132  3.583782
0.3690327  3.564754
0.3699989  3.507213
0.37063  3.469629
0.3712209  3.434437
0.3719496  3.391041
0.3738109  3.280195
0.3748376  3.21905
0.3783425  3.010321
0.3809049  2.857717
0.3813183  2.8331
0.3825279  2.761061
0.3828449  2.742185
0.3842509  2.658452
0.3855629  2.580318
0.3859539  2.557029
0.3877401  2.450655
0.3895328  2.343894
0.3912074  2.244163
0.3926484  2.158349
0.3928349  2.14724
0.3934957  2.107885
0.396587  1.923787
0.396964  1.901334
0.3982334  1.825741
0.4012173  1.705459
0.4024526  1.690164
0.4048826  1.660078
0.4077357  1.624754
0.4077421  1.624675
0.412674  1.563613
0.4137697  1.550047
0.419411  1.480202
0.4209941  1.460601
0.4213685  1.455965
0.4214307  1.455196
0.4226082  1.440617
0.4246409  1.41545
0.4267852  1.388901
0.4302937  1.345462
0.432284  1.32082
0.4349171  1.288219
0.4355701  1.280135
0.4360411  1.274303
0.4376809  1.254
0.4381923  1.247669
0.4393338  1.233536
0.4394421  1.232195
0.4416117  1.205333
0.44262  1.19285
0.4440968  1.174565
0.4462931  1.147372
0.4470816  1.137609
0.4472547  1.135467
0.4483212  1.122262
0.4484427  1.120758
0.4485691  1.119193
0.4495813  1.106661
0.4502072  1.098911
0.453103  1.063059
0.4535001  1.058142
0.4576254  1.007066
0.4590976  0.9888394
0.4593197  0.9860889
0.4626193  0.9452367
0.4629922  0.9406201
0.4669176  0.8920191
0.4689071  0.8673868
0.469917  0.8548835
0.4704773  0.8479459
0.4710051  0.841412
0.4725323  0.822503
0.475641  0.7840145
0.4769713  0.7675433
0.477086  0.7661239
0.4784612  0.7490971
0.478666  0.7465618
0.4787741  0.7452234
0.4792023  0.7399212
0.4801384  0.7283317
0.480899  0.7189151
0.4812297  0.7148199
0.4878376  0.6330069
0.4891367  0.6169227
0.4948748  0.5458797
0.495335  0.5401819
0.498502  0.5009712
0.5003692  0.4811886
0.5042813  0.4680989
0.5043308  0.4679333
0.5057246  0.4632697
0.5087705  0.4530782
0.5111643  0.4450687
0.5115049  0.4439292
0.5122265  0.4415148
0.5130777  0.4386666
0.5133844  0.4376405
0.5134003  0.4375871
0.5142851  0.4346268
0.5150609  0.4320311
0.5169423  0.4257359
0.5193004  0.4178458
0.5194395  0.4173806
0.5194822  0.4172376
0.5228683  0.4059079
0.5232175  0.4047394
0.5243523  0.4009425
0.5245634  0.4002362
0.5246707  0.3998771
0.5257945  0.3961168
0.5288718  0.3858206
0.5317891  0.3760594
0.5320954  0.3750344
0.5341967  0.3680035
0.5388729  0.3523573
0.5393667  0.350705
0.5405638  0.3466996
0.5486854  0.319525
0.5519135  0.308724
0.5523281  0.3073367
0.5533626  0.3038753
0.5542148  0.301024
0.5561277  0.2946234
0.5570934  0.2913924
0.5587495  0.2858512
0.560805  0.2789734
0.565396  0.2636124
0.5680265  0.2548108
0.5681695  0.2543321
0.5702803  0.2472698
0.5706323  0.2460918
0.5712752  0.2439408
0.5717346  0.2424037
0.5749342  0.2316978
0.574961  0.2316083
0.575953  0.2282889
0.57703  0.2246856
0.5771767  0.2241948
0.5780363  0.2213185
0.5784846  0.2198183
0.5801185  0.2143514
0.5818651  0.2085073
0.5822055  0.2073684
0.5853055  0.196996
0.5899863  0.1813344
0.5924923  0.1729492
0.5930998  0.1709167
0.5957296  0.1621175
0.5985085  0.1528193
0.598572  0.1526072
0.5989417  0.1513701
0.6014195  0.1467412
0.6048703  0.1440967
0.6085188  0.1413007
0.6100094  0.1401585
0.6102178  0.1399988
0.6103094  0.1399286
0.6146914  0.1365704
0.6149736  0.1363542
0.6160292  0.1355453
0.6178667  0.1341372
0.6216051  0.1312723
0.6220981  0.1308945
0.6230996  0.130127
0.623391  0.1299037
0.6242324  0.1292589
0.6245876  0.1289867
0.6275662  0.1267041
0.6283798  0.1260806
0.6304075  0.1245267
0.6309488  0.1241119
0.6315609  0.1236428
0.6327351  0.122743
0.6395101  0.1175511
0.6396051  0.1174782
0.6399175  0.1172389
0.6441531  0.113993
0.6452977  0.1131158
0.6453117  0.1131051
0.6473073  0.1115758
0.6474003  0.1115045
0.6494189  0.1099576
0.6500858  0.1094465
0.6521928  0.1078319
0.6522224  0.1078092
0.6536563  0.1067103
0.6553208  0.1054348
0.6563735  0.1046281
0.6569668  0.1041734
0.662079  0.1002557
0.6635629  0.09911861
0.6636527  0.09904976
0.6640815  0.09872115
0.6646038  0.09832087
0.6678586  0.09582666
0.6680099  0.09571072
0.671137  0.09331428
0.6717995  0.09280662
0.6730607  0.09184007
0.6735166  0.09149071
0.6754558  0.09000467
0.6769866  0.08883159
0.6856893  0.08216234
0.686517  0.08152804
0.6866025  0.08146258
0.6902163  0.0786932
0.6910714  0.07803792
0.6919014  0.07740182
0.6957061  0.07448616
0.6968357  0.07362053
0.6976261  0.07301483
0.7006478  0.07100666
0.7064704  0.0693083
0.7094838  0.06842934
0.7118741  0.06773213
0.7127093  0.06748852
0.7134102  0.06728408
0.7179731  0.06595315
0.7188249  0.0657047
0.7191951  0.0655967
0.7221565  0.06473292
0.7255303  0.06374885
0.7257832  0.06367508
0.7262201  0.06354765
0.7269034  0.06334834
0.7279859  0.06303259
0.7299699  0.06245389
0.7323896  0.06174812
0.732732  0.06164822
0.7333867  0.06145726
0.7334309  0.06144436
0.7336684  0.0613751
0.734577  0.06111009
0.7366355  0.06050966
0.7379401  0.0601291
0.7380818  0.0600878
0.7392141  0.05975753
0.7403033  0.05943981
0.7471646  0.0574385
0.7478131  0.05724932
0.7478846  0.05722849
0.7502671  0.05653355
0.751552  0.05615876
0.7579413  0.0542951
0.7588542  0.05402882
0.759187  0.05393175
0.7608599  0.05344382
0.7623637  0.05300516
0.7635529  0.05265829
0.7644154  0.05240672
0.7651656  0.05218789
0.7652082  0.05217547
0.7714087  0.05036689
0.7716184  0.05030573
0.7718739  0.05023119
0.7734195  0.04978037
0.7750505  0.04930466
0.7756461  0.04913092
0.7786794  0.04824614
0.7787172  0.04823512
0.779281  0.04807069
0.779351  0.04805025
0.7851067  0.04637142
0.7852378  0.0463332
0.78544  0.04627421
0.788417  0.04540585
0.7887788  0.04530035
0.7898893  0.04497642
0.7903027  0.04485582
0.7918882  0.04439337
0.7921889  0.04430565
0.7924613  0.04422621
0.7937154  0.0438604
0.7992719  0.04223967
0.8025486  0.04172987
0.8049926  0.04144466
0.8059264  0.04133569
0.8072467  0.0411816
0.8077483  0.04112306
0.8080924  0.04108291
0.8094656  0.04092266
0.8095275  0.04091543
0.8119953  0.04062743
0.8134941  0.04045252
0.8135218  0.04044929
0.8150218  0.04027424
0.8170867  0.04003326
0.8178468  0.03994456
0.8196302  0.03973644
0.8196416  0.03973511
0.8204379  0.03964217
0.8248833  0.0391234
0.825088  0.0390995
0.8265438  0.03892962
0.8270164  0.03887446
0.8284628  0.03870566
0.8330483  0.03817053
0.8356346  0.03786871
0.8376179  0.03763725
0.8404286  0.03730925
0.840585  0.03729099
0.8441208  0.03687836
0.8461466  0.03664195
0.8509684  0.03607924
0.8512844  0.03604236
0.8524318  0.03590846
0.8538494  0.03574302
0.8567279  0.0354071
0.8584297  0.03520849
0.8613437  0.03486843
0.8650713  0.03443341
0.8672716  0.03417663
0.8674768  0.03415269
0.8690393  0.03397035
0.8702669  0.03382708
0.8714718  0.03368647
0.8717759  0.03365098
0.8728159  0.03352961
0.873715  0.03342469
0.8737678  0.03341853
0.8742662  0.03336036
0.8754022  0.03322778
0.8756835  0.03319496
0.8759477  0.03316412
0.8762264  0.0331316
0.880548  0.03262727
0.8832468  0.03231231
0.8885956  0.03168811
0.8896979  0.03155946
0.8929742  0.03117712
0.8939601  0.03106207
0.8962722  0.03079224
0.8969132  0.03071743
0.8981605  0.03057187
0.8987418  0.03050403
0.9004624  0.03031277
0.9006505  0.03029469
0.9013846  0.03022416
0.9023898  0.03012757
0.9036277  0.03000862
0.9081513  0.02957396
0.908756  0.02951587
0.9106096  0.02933776
0.9109738  0.02930276
0.9114935  0.02925283
0.9154081  0.02887669
0.9157335  0.02884542
0.9167742  0.02874542
0.9175409  0.02867175
0.9176228  0.02866387
0.9189046  0.02854072
0.9203162  0.02840507
0.9221555  0.02822834
0.9262815  0.02783189
0.9265157  0.02780939
0.926583  0.02780292
0.9271992  0.02774371
0.9280109  0.02766572
0.9283881  0.02762948
0.9307715  0.02740046
0.932108  0.02727203
0.9339244  0.02709751
0.9343741  0.0270543
0.9391733  0.02659316
0.9403788  0.02647732
0.942443  0.02627897
0.9435037  0.02617706
0.9435694  0.02617074
0.9447398  0.02605829
0.9464365  0.02589526
0.9509387  0.02546265
0.952079  0.02535309
0.9565185  0.02492651
0.9595335  0.02463681
0.9601671  0.02457593
0.9605096  0.02454301
0.9626892  0.02433358
0.9635571  0.02425018
0.9651068  0.02410128
0.9671943  0.0239007
0.9681669  0.02380724
0.9690178  0.02372549
0.9690451  0.02372286
0.9718377  0.02345453
0.9733156  0.02331253
0.9733992  0.02330449
0.9737244  0.02327325
0.9761061  0.0230444
0.9810042  0.02257375
0.9816501  0.02251169
0.9818643  0.0224911
0.9827355  0.0224074
0.983496  0.02233432
0.9843107  0.02225604
0.9852842  0.0221625
0.9873184  0.02196704
0.9889806  0.02180732
0.9891211  0.02179382
0.989451  0.02176212
0.9897229  0.021736
0.9907111  0.02164104
0.9916217  0.02155354
0.9936317  0.02136041
0.9942493  0.02130107
0.9946444  0.0212631
0.998926  0.0208517
1.001813  0.02068081
1.003144  0.02063113
1.003648  0.02061232
1.004966  0.02056314
1.005422  0.0205461
1.005877  0.02052914
1.007055  0.02048515
1.007318  0.02047535
1.008334  0.02043742
1.009228  0.02040402
1.009929  0.02037789
1.012727  0.02027341
1.013304  0.02025188
1.013807  0.02023312
1.016646  0.02012712
1.017803  0.02008394
1.01796  0.02007808
1.020842  0.01997051
1.023577  0.01986843
1.025951  0.01977979
1.026684  0.01975244
1.028861  0.01967119
1.038255  0.0193205
1.040181  0.01924862
1.044779  0.019077
1.047425  0.01897822
1.051465  0.01882741
1.054198  0.01872538
1.054413  0.01871737
1.059929  0.01851147
1.060661  0.01848414
1.061796  0.01844179
1.061841  0.0184401
1.062199  0.01842672
1.062271  0.01842406
1.063734  0.01836944
1.066668  0.01825991
1.068806  0.0181801
1.069568  0.01815165
1.069697  0.01814687
1.071827  0.01806735
1.072241  0.01805188
1.072274  0.01805064
1.074701  0.01796007
1.074774  0.01795734
1.075856  0.01791696
1.079086  0.01779638
1.079282  0.01778905
1.079483  0.01778155
1.081579  0.0177033
1.082194  0.01768037
1.08307  0.01764768
1.084778  0.0175839
1.08757  0.01747969
1.090592  0.01736688
1.091726  0.01732455
1.091873  0.01731905
1.094058  0.01723752
1.094375  0.01722567
1.096801  0.01713513
1.099854  0.01702116
1.100237  0.01700431
1.100935  0.0169707
1.101788  0.01692963
1.10239  0.01690063
1.105492  0.01675133
1.105715  0.01674061
1.106797  0.01668848
1.106824  0.01668721
1.107066  0.01667553
1.108709  0.01659645
1.109976  0.01653545
1.110833  0.01649421
1.112524  0.01641278
1.113464  0.01636754
1.116708  0.01621141
1.116918  0.01620127
1.119314  0.01608592
1.119461  0.01607884
1.119503  0.01607687
1.120069  0.01604962
1.120243  0.01604121
1.120963  0.01600655
1.121685  0.01597182
1.123851  0.01586753
1.129863  0.01557811
1.13067  0.01553929
1.130698  0.01553792
1.134128  0.01537283
1.135387  0.01531218
1.135491  0.0153072
1.13894  0.01514117
1.144266  0.01488476
1.14566  0.01481769
1.148889  0.01466225
1.148989  0.01465741
1.149097  0.0146522
1.156637  0.01428925
1.158382  0.01420524
1.162122  0.01402521
1.162536  0.01400528
1.163211  0.01397276
1.163366  0.01396534
1.163525  0.01395766
1.166985  0.01379112
1.169509  0.01366962
1.171573  0.01357024
1.172136  0.01354315
1.173648  0.01347038
1.174818  0.01341401
1.175295  0.01339106
1.179042  0.01321071
1.179154  0.0132053
1.180189  0.01315548
1.180776  0.01312724
1.182539  0.01304235
1.183618  0.0129904
1.185472  0.01290115
1.190126  0.01267711
1.190781  0.01264558
1.195099  0.01243773
1.195213  0.01243222
1.196962  0.01234803
1.198862  0.01225659
1.202672  0.01210975
1.204839  0.01203512
1.206709  0.01197071
1.208263  0.01191718
1.210619  0.01183603
1.211293  0.01181282
1.212183  0.01178214
1.216736  0.01162533
1.216954  0.01161782
1.218839  0.01155287
1.220982  0.01147906
1.225125  0.01133636
1.225607  0.01131977
1.226454  0.01129059
1.228341  0.0112256
1.228787  0.01121022
1.231544  0.01111527
1.232045  0.011098
1.234639  0.01100866
1.239118  0.01085437
1.240887  0.01079344
1.243522  0.01070268
1.244149  0.01068109
1.244977  0.01065255
1.24554  0.01063314
1.245674  0.01062853
1.245899  0.01062078
1.247029  0.01058187
1.247187  0.01057644
1.248152  0.01054319
1.248215  0.01054102
1.248454  0.01053278
1.248892  0.01051769
1.250265  0.01047042
1.251994  0.01041085
1.255777  0.01028053
1.257619  0.0102171
1.257622  0.010217
1.261305  0.01009012
1.269237  0.009816903
1.270262  0.009781616
1.271761  0.009729977
1.272882  0.009691357
1.275484  0.009601716
1.277078  0.009546824
1.277589  0.00952923
1.277815  0.009521455
1.2794  0.009466846
1.27953  0.009462376
1.279827  0.009452118
1.283947  0.009310204
1.284517  0.009290603
1.285192  0.009267339
1.28826  0.009161671
1.28916  0.009130641
1.289589  0.009115867
1.291527  0.009049128
1.292249  0.009024248
1.29314  0.008993566
1.293275  0.008988904
1.294465  0.008947935
1.29672  0.008870262
1.299258  0.008782842
1.301569  0.008734545
1.301672  0.008733053
1.303442  0.008707409
1.303542  0.008705971
1.303738  0.008703134
1.304562  0.008691191
1.305217  0.008681701
1.306105  0.008668845
1.312839  0.008571312
1.315663  0.008530412
1.317507  0.008503696
1.321733  0.008442493
1.324557  0.008401586
1.324619  0.008400688
1.325862  0.008382689
1.326753  0.008369774
1.327241  0.008362702
1.331225  0.008305005
1.335536  0.008242561
1.336296  0.00823155
1.33823  0.008203547
1.342806  0.008137259
1.346372  0.008085612
1.350049  0.008032362
1.351965  0.008004607
1.35215  0.008001921
1.353659  0.007980065
1.35636  0.00794095
1.359656  0.007893212
1.360663  0.007878622
1.362417  0.007853221
1.368941  0.007758721
1.369081  0.0077567
1.370155  0.007741131
1.37247  0.007707604
1.372646  0.007705058
1.374443  0.00767903
1.376318  0.007651877
1.376907  0.007643335
1.377117  0.007640304
1.380734  0.007587913
1.381571  0.007575785
1.382741  0.007558841
1.391703  0.007429032
1.393535  0.007402499
1.395179  0.007378695
1.398078  0.007336702
1.398092  0.007336495
1.399483  0.007316346
1.401028  0.007299814
1.401441  0.007296181
1.405117  0.007263852
1.406864  0.00724848
1.406893  0.007248225
1.408615  0.007233086
1.411179  0.007210534
1.417435  0.007155499
1.418434  0.007146717
1.420565  0.007127971
1.421499  0.007119758
1.423314  0.007103789
1.42433  0.007094852
1.424865  0.007090145
1.428232  0.007060534
1.429674  0.007047849
1.430563  0.007040026
1.431152  0.007034846
1.431772  0.007029396
1.432085  0.007026645
1.432213  0.007025512
1.433822  0.00701136
1.434143  0.007008535
1.435055  0.007000519
1.436474  0.006988035
1.438979  0.006966004
1.441413  0.006944594
1.445946  0.006904722
1.446704  0.006898054
1.447529  0.006890792
1.44791  0.006887444
1.448503  0.00688223
1.45163  0.006854725
1.453519  0.006838106
1.453605  0.006837355
1.454158  0.006832486
1.454773  0.006827079
1.456086  0.006815531
1.457098  0.006806623
1.457203  0.006805703
1.459036  0.006789584
1.46093  0.006772918
1.463085  0.006753961
1.464954  0.006737526
1.467012  0.006719423
1.467608  0.006714184
1.469819  0.006694731
1.472636  0.006669957
1.47521  0.006647311
1.475564  0.006644196
1.475997  0.00664039
1.479641  0.006608341
1.480276  0.006602748
1.481771  0.006589606
1.488147  0.006533523
1.489429  0.006522241
1.489477  0.006521816
1.492753  0.006493005
1.494467  0.00647793
1.495132  0.006472082
1.495436  0.006469407
1.49574  0.006466732
1.497375  0.006452353
1.497788  0.006448715
1.50078  0.006416968
1.504966  0.006350964
1.505411  0.006343939
1.507236  0.006315168
1.507686  0.006308077
1.509721  0.006275979
1.511149  0.006253476
1.511297  0.006251142
1.511553  0.006247092
1.511727  0.006244352
1.513195  0.00622121
1.513846  0.006210939
1.514016  0.006208263
1.514935  0.006193777
1.519797  0.006117117
1.521265  0.006093973
1.522812  0.006069566
1.522892  0.006068316
1.524091  0.006049408
1.524187  0.006047892
1.528134  0.005985654
1.52866  0.005977367
1.532266  0.005920512
1.532577  0.005915606
1.535034  0.005876862
1.535877  0.005863574
1.539481  0.005806742
1.545035  0.005719174
1.545272  0.005715445
1.549119  0.005654782
1.549838  0.005643452
1.550489  0.005633181
1.552261  0.005605244
1.552475  0.005601874
1.554342  0.005572429
1.554994  0.00556215
1.557276  0.005526159
1.557555  0.005521767
1.558149  0.005512401
1.558254  0.005510747
1.558392  0.00550857
1.559415  0.005492442
1.560328  0.005478039
1.56341  0.005429449
1.564186  0.005417211
1.564935  0.005405408
1.565936  0.005389626
1.566968  0.005373355
1.568199  0.005353943
1.568459  0.005349843
1.571601  0.005300302
1.574311  0.005257571
1.577648  0.005204958
1.581798  0.005139513
1.581895  0.005137989
1.582925  0.005121753
1.58344  0.005113633
1.587044  0.005056807
1.587255  0.005053475
1.587518  0.005049324
1.588989  0.005026133
1.593865  0.00494925
1.595064  0.004930341
1.596095  0.00491409
1.599103  0.004866663
1.60726  0.004828667
1.607896  0.00482658
1.613569  0.004807941
1.614911  0.004803531
1.616932  0.004796892
1.618575  0.004791495
1.618579  0.00479148
1.621939  0.004780442
1.62283  0.004777514
1.624918  0.004770655
1.625547  0.004768589
1.625766  0.004767867
1.62728  0.004762895
1.62759  0.004761877
1.627832  0.004761082
1.632236  0.004746612
1.633381  0.004742851
1.633988  0.004740855
1.63506  0.004737334
1.635485  0.004735938
1.638158  0.004727155
1.639498  0.004722753
1.644022  0.00470789
1.646039  0.004701263
1.646337  0.004700285
1.648369  0.004693609
1.651139  0.004684506
1.651829  0.00468224
1.651861  0.004682135
1.651959  0.004681813
1.652336  0.004680574
1.653095  0.004678082
1.653364  0.004677197
1.654759  0.004672616
1.655133  0.004671384
1.655149  0.004671334
1.657737  0.004662831
1.659915  0.004655674
1.660048  0.00465524
1.6612  0.004651452
1.661817  0.004649425
1.662806  0.004646178
1.667004  0.004632384
1.667121  0.004632
1.668152  0.004628613
1.676071  0.004602597
1.676349  0.004601683
1.67814  0.0045958
1.680359  0.00458851
1.680939  0.004586604
1.68094  0.004586598
1.680973  0.004586491
1.684669  0.00457435
1.685513  0.004571575
1.685728  0.004570868
1.68632  0.004568925
1.687535  0.004564932
1.68917  0.004559561
1.691498  0.004551914
1.694633  0.004541612
1.695356  0.004539239
1.697992  0.004530578
1.698273  0.004529655
1.700167  0.00452268
1.70325  0.004498608
1.70613  0.004476115
1.706304  0.004474759
1.706568  0.004472696
1.707354  0.004466557
1.708331  0.004458936
1.713  0.004422476
1.713882  0.004415594
1.719172  0.004374286
1.719911  0.004368514
1.720878  0.004360967
1.723514  0.004340383
1.726697  0.004315534
1.731251  0.004279973
1.731311  0.00427951
1.733526  0.004262213
1.73586  0.004243987
1.736879  0.00423603
1.738474  0.004223575
1.738698  0.004221833
1.738879  0.004220413
1.739363  0.00421664
1.747885  0.004150098
1.750289  0.00413133
1.753611  0.004105394
1.754728  0.004096669
1.757612  0.004074153
1.757745  0.004073111
1.759337  0.004060679
1.763203  0.004030496
1.764298  0.004021944
1.765555  0.004012136
1.766765  0.004002682
1.767204  0.003999258
1.767748  0.003995008
1.768745  0.003987228
1.769985  0.003977544
1.771662  0.003964449
1.775332  0.003935794
1.776502  0.003926659
1.776656  0.00392546
1.776782  0.003924475
1.779831  0.003900668
1.780568  0.00389491
1.787879  0.003837827
1.789414  0.003825841
1.790115  0.003820374
1.790664  0.003816081
1.791251  0.003811497
1.791269  0.003811364
1.794573  0.003785565
1.794831  0.003783549
1.797536  0.00376243
1.798771  0.003752788
1.800363  0.003739869
1.802194  0.00372312
1.802316  0.003722001
1.806178  0.003686668
1.807461  0.003674928
1.807743  0.003672352
1.808177  0.003668384
1.808983  0.003661009
1.809168  0.003659315
1.810344  0.00364856
1.810841  0.003644013
1.811279  0.003640001
1.813207  0.003622362
1.813648  0.003618332
1.815187  0.00360425
1.817191  0.003585918
1.817226  0.003585593
1.823368  0.003529403
1.824629  0.003517869
1.82672  0.003498732
1.827173  0.003494592
1.827652  0.00349021
1.828129  0.003485851
1.831503  0.003454978
1.834012  0.003432023
1.834635  0.003426327
1.835318  0.003420079
1.83618  0.003412188
1.841727  0.003361446
1.844717  0.003334083
1.845483  0.003327078
1.848379  0.003300582
1.853672  0.00325216
1.853877  0.003250285
1.85558  0.003234703
1.856663  0.003224799
1.857516  0.003216997
1.858438  0.003208554
1.858786  0.003205371
1.860516  0.003189548
1.861249  0.003182843
1.861505  0.003180498
1.86172  0.003178533
1.862345  0.003172815
1.862765  0.003168975
1.862966  0.003167137
1.863603  0.003161302
1.866347  0.003136199
1.867129  0.003129043
1.868902  0.003112823
1.86902  0.00311175
1.870092  0.00310194
1.870807  0.003095401
1.870916  0.003094403
1.872559  0.003079371
1.874447  0.003062095
1.877432  0.00303479
1.878232  0.003027466
1.879879  0.003012398
1.881871  0.002994173
1.883148  0.002982494
1.883497  0.002979299
1.883875  0.002975845
1.884493  0.002970193
1.886424  0.002952523
1.893043  0.002891969
1.893402  0.002888686
1.894325  0.002880241
1.894364  0.002879884
1.89523  0.002871956
1.90013  0.002827743
1.902812  0.00281582
1.903951  0.002810759
1.909359  0.002786717
1.910813  0.002780255
1.911247  0.002778326
1.916739  0.002753912
1.920808  0.002735825
1.922159  0.002729823
1.92323  0.002725061
1.929791  0.002695896
1.930349  0.002693414
1.930393  0.002693218
1.933104  0.00268117
1.934006  0.00267716
1.934256  0.002676047
1.935039  0.002672566
1.937197  0.002662976
1.940063  0.002650236
1.944672  0.002629748
1.949074  0.002610183
1.949158  0.002609809
1.950908  0.00260203
1.952019  0.002597091
1.952408  0.002595363
1.954077  0.002587941
1.956796  0.002575857
1.959069  0.002565751
1.960974  0.002557284
1.961732  0.002553914
1.963415  0.002546432
1.964155  0.002543142
1.967268  0.002529306
1.969419  0.002519746
1.971149  0.002512055
1.971456  0.002510689
1.972155  0.002507585
1.972394  0.002506523
1.9738  0.002500273
1.974247  0.002498285
1.974334  0.002497898
1.974635  0.002496558
1.975575  0.00249238
1.978509  0.00247934
1.98031  0.002471334
1.982928  0.002459698
1.984849  0.002451159
1.984888  0.002450986
1.985266  0.002449306
1.985491  0.002448304
1.986731  0.002442791
1.986932  0.002441898
1.989036  0.002432547
1.992166  0.002418632
1.993052  0.002414696
1.993257  0.002413783
1.993689  0.002411864
1.994554  0.00240802
1.995067  0.002405736
1.995894  0.002402063
1.999774  0.002384815
2.004066  0.002375524
2.007775  0.002367966
2.009674  0.002364095
2.010543  0.002362323
2.010811  0.002361779
2.015452  0.002352321
2.015537  0.002352146
2.017044  0.002349075
2.017513  0.002348119
2.018717  0.002345666
2.020177  0.002342691
2.020321  0.002342396
2.020807  0.002341405
2.020828  0.002341363
2.024926  0.002333012
2.028051  0.002326643
2.029873  0.00232293
2.031672  0.002319265
2.033381  0.002315782
2.033729  0.002315072
2.033805  0.002314918
2.036262  0.00230991
2.037315  0.002307763
2.038901  0.002304532
2.04305  0.002296077
2.044333  0.002293461
2.048446  0.002285079
2.048653  0.002284658
2.050405  0.002281088
2.050944  0.002279988
2.051463  0.002278931
2.051849  0.002278144
2.059482  0.002262588
2.06485  0.002251648
2.066241  0.002248815
2.067  0.002247267
2.067442  0.002246366
2.068115  0.002244996
2.070286  0.00224057
2.07237  0.002236324
2.072644  0.002235765
2.075922  0.002229084
2.076502  0.002227902
2.076775  0.002227346
2.078194  0.002224455
2.078769  0.002223282
2.07912  0.002222568
2.080771  0.002219203
2.080871  0.002218999
2.083555  0.00221353
2.08373  0.002213172
2.084342  0.002211926
2.087988  0.002204495
2.088722  0.002202999
2.090525  0.002199324
2.093144  0.002193988
2.093699  0.002192856
2.094084  0.002192072
2.095142  0.002189915
2.096505  0.002187137
2.098598  0.002182872
2.099185  0.002181676
2.099561  0.002180909
2.099691  0.002180645
2.100102  0.002179807
2.101464  0.002177032
2.102326  0.002175275
2.103202  0.00217349
2.10355  0.002172779
2.104217  0.00217142
2.10472  0.002170396
2.106029  0.002167728
2.106575  0.002166616
2.107596  0.002164534
2.107607  0.002164512
2.108533  0.002162626
2.109916  0.002159808
2.109964  0.00215971
2.111395  0.002156793
2.111932  0.002155699
2.114027  0.002151428
2.114883  0.002149683
2.115675  0.002148071
2.116806  0.002145766
2.117673  0.002143998
2.117741  0.002143861
2.117861  0.002143616
2.118103  0.002143123
2.119156  0.002140976
2.119185  0.002140916
2.119539  0.002140196
2.11972  0.002139826
2.120137  0.002138977
2.122729  0.002133695
2.123634  0.00213185
2.123838  0.002131434
2.126478  0.002126053
2.127092  0.002124802
2.128666  0.002121595
2.131854  0.002115097
2.134015  0.002110695
2.134271  0.002110172
2.134647  0.002109406
2.138788  0.002100968
2.139693  0.002099123
2.143401  0.002091566
2.144887  0.002088537
2.146311  0.002085635
2.148709  0.002080749
2.154866  0.0020682
2.155171  0.002067579
2.155934  0.002066025
2.158851  0.002060079
2.163027  0.002051569
2.163193  0.002051231
2.16342  0.002050768
2.163473  0.002050659
2.164068  0.002049449
2.166089  0.002045328
2.166147  0.00204521
2.166155  0.002045195
2.166855  0.002043768
2.167389  0.00204268
2.168082  0.002041268
2.168325  0.002040772
2.169345  0.002038694
2.170041  0.002037275
2.171455  0.002034393
2.171863  0.002033561
2.172947  0.002031352
2.173713  0.002029792
2.175775  0.002025589
2.177909  0.00202124
2.181139  0.002014657
2.182305  0.002012281
2.182577  0.002011728
2.183581  0.002009681
2.183872  0.002009089
2.184674  0.002007453
2.186352  0.002004034
2.187393  0.002001912
2.187551  0.002001591
2.188449  0.001999761
2.189171  0.001998289
2.189276  0.001998075
2.190677  0.001995219
2.192182  0.001992153
2.193242  0.001989992
2.199792  0.001976643
2.200623  0.001975242
2.201152  0.001974412
2.202712  0.001971964
2.203747  0.00197034
2.213882  0.001954435
2.213911  0.001954389
2.214911  0.00195282
2.216204  0.001950791
2.2183  0.001947502
2.224105  0.001938393
2.225104  0.001936824
2.225428  0.001936316
2.226468  0.001934684
2.230716  0.001928018
2.2318  0.001926316
2.233524  0.001923611
2.23415  0.001922628
2.235338  0.001920764
2.235701  0.001920195
2.236239  0.001919349
2.242245  0.001909924
2.242689  0.001909229
2.245496  0.001904823
2.246074  0.001903916
2.246714  0.001902911
2.248455  0.001900179
2.258431  0.001884524
2.259696  0.001882539
2.262429  0.001878251
2.26272  0.001877793
2.263484  0.001876595
2.264231  0.001875422
2.264488  0.001875019
2.26669  0.001871564
2.267666  0.001870032
2.268509  0.001868709
2.270144  0.001866142
2.271451  0.001864092
2.273363  0.001861092
2.275201  0.001858207
2.276041  0.001856889
2.276905  0.001855533
2.280226  0.001850321
2.281165  0.001848847
2.282254  0.001847139
2.283191  0.001845668
2.288156  0.001837877
2.288479  0.00183737
2.289131  0.001836347
2.290905  0.001833563
2.296368  0.00182499
2.296961  0.001824059
2.297143  0.001823774
2.297669  0.001822948
2.298031  0.001822379
2.302969  0.00181463
2.308536  0.001805894
2.308639  0.001805733
2.309242  0.001804786
2.310762  0.001802402
2.312313  0.001799967
2.312617  0.00179949
2.313127  0.00179869
2.314926  0.001795866
2.315623  0.001794773
2.315826  0.001794454
2.315948  0.001794263
2.316152  0.001793942
2.318821  0.001789755
2.323236  0.001782826
2.323421  0.001782535
2.323566  0.001782308
2.323883  0.00178181
2.324119  0.00178144
2.324428  0.001780955
2.324716  0.001780503
2.325323  0.001779551
2.325768  0.001778852
2.327461  0.001776196
2.329939  0.001772306
2.330225  0.001771858
2.334062  0.001765837
2.337986  0.001759679
2.338162  0.001759403
2.338569  0.001758763
2.338778  0.001758436
2.341095  0.001754799
2.341263  0.001754536
2.341754  0.001753766
2.34228  0.00175294
2.34536  0.001748106
2.345596  0.001747736
2.346242  0.001746723
2.346342  0.001746566
2.347431  0.001744857
2.348317  0.001743467
2.34988  0.001741013
2.351616  0.001738289
2.356672  0.001730355
2.357392  0.001729224
2.359508  0.001725904
2.365084  0.001717154
2.365289  0.001716832
2.365552  0.001716419
2.366327  0.001715204
2.369975  0.001709478
2.37253  0.001705468
2.373235  0.001704363
2.379456  0.001694599
2.384519  0.001686654
2.394313  0.001671284
2.396227  0.001668281
2.39765  0.001666049
2.401791  0.001659657
2.402371  0.001658781
2.403911  0.001656457
2.405572  0.00165395
2.405759  0.001653666
2.406021  0.001653271
2.40765  0.001650812
2.411631  0.001644802
2.412113  0.001644075
2.41213  0.00164405
2.412645  0.001643272
2.413968  0.001641275
2.414834  0.001639968
2.415083  0.001639593
2.415615  0.001638789
2.415646  0.001638743
2.416107  0.001638046
2.416702  0.001637148
2.420109  0.001632005
2.421513  0.001629886
2.426824  0.00162187
2.426828  0.001621863
2.428452  0.001619411
2.429131  0.001618387
2.429412  0.001617963
2.432032  0.001614008
2.434519  0.001610254
2.436354  0.001607483
2.437799  0.001605303
2.439452  0.001602807
2.440465  0.001601279
2.443326  0.001596959
2.444449  0.001595265
2.446311  0.001592453
2.447314  0.00159094
2.448536  0.001589095
2.449575  0.001587526
2.453876  0.001581035
2.454734  0.001579738
2.456185  0.001577549
2.46072  0.001570704
2.462472  0.001568058
2.463263  0.001566864
2.46365  0.00156628
2.465722  0.001563153
2.468676  0.001558693
2.469869  0.001556893
2.471383  0.001554607
2.47152  0.001554401
2.475187  0.001548865
2.478481  0.001543893
2.478659  0.001543624
2.482686  0.001537546
2.485537  0.001533242
2.487309  0.001530567
2.487835  0.001529773
2.490566  0.001525651
2.4909  0.001525146
2.496328  0.001516953
2.496386  0.001516865
2.499399  0.001512317
2.499463  0.00151222
2.500686  0.001510374
2.501129  0.001509705
2.50199  0.001508406
2.502015  0.001508369
2.504269  0.001504966
2.504846  0.001504094
2.508569  0.001498476
2.511467  0.001494101
2.513971  0.001490321
2.518375  0.001483673
2.518546  0.001483415
2.519363  0.001482181
2.520873  0.001479902
2.52223  0.001477854
2.52277  0.001477039
2.523036  0.001476637
2.527835  0.001469393
2.52833  0.001468646
2.530846  0.001464848
2.533012  0.001461579
2.533227  0.001461254
2.535385  0.001457996
2.539073  0.001452429
2.539985  0.001451053
2.540764  0.001449876
2.542097  0.001447864
2.543206  0.001446191
2.544097  0.001444846
2.544419  0.001444359
2.545025  0.001443445
2.545469  0.001442775
2.547935  0.001439053
2.550296  0.001435488
2.55051  0.001435166
2.552109  0.001432752
2.555452  0.001427705
2.555557  0.001427546
2.556442  0.001426211
2.556518  0.001426096
2.556544  0.001426057
2.556587  0.001425992
2.557504  0.001424608
2.558843  0.001422586
2.562339  0.001417309
2.562994  0.001416321
2.56331  0.001415844
2.563746  0.001415185
2.563791  0.001415117
2.563913  0.001414933
2.565474  0.001412577
2.56723  0.001409927
2.56847  0.001408054
2.569374  0.00140669
2.570675  0.001404727
2.575153  0.001397967
2.57661  0.001395767
2.580806  0.001389433
2.584589  0.001383723
2.585491  0.001382362
2.585566  0.001382248
2.587139  0.001379874
2.588181  0.0013783
2.589103  0.001376909
2.595491  0.001367267
2.595544  0.001367186
2.596572  0.001365634
2.599023  0.001361935
2.600678  0.001359559
2.601014  0.001359112
2.601276  0.001358764
2.604731  0.001354173
2.605206  0.001353542
2.607321  0.00135073
2.608432  0.001349254
2.608753  0.001348827
2.609412  0.001347952
2.615336  0.001340079
2.616704  0.001338261
2.617162  0.001337653
2.618233  0.00133623
2.618277  0.001336171
2.620946  0.001332624
2.62143  0.001331981
2.62337  0.001329402
2.624185  0.00132832
2.624915  0.001327349
2.628167  0.001323028
2.632269  0.001317576
2.632622  0.001317107
2.632849  0.001316805
2.632874  0.001316772
2.635196  0.001313686
2.635369  0.001313456
2.639134  0.001308453
2.639851  0.0013075
2.641392  0.001305452
2.642738  0.001303663
2.645411  0.001300111
2.645584  0.001299881
2.64696  0.001298053
2.651965  0.001291401
2.652881  0.001290184
2.653305  0.00128962
2.656775  0.001285008
2.656912  0.001284827
2.657549  0.00128398
2.657793  0.001283656
2.658488  0.001282732
2.659566  0.001281299
2.664116  0.001275253
2.666978  0.001271449
2.671683  0.001265197
2.671845  0.001264982
2.672165  0.001264556
2.676046  0.001259399
2.680604  0.001253342
2.684097  0.0012487
2.687411  0.001244295
2.688877  0.001242347
2.689079  0.001242079
2.689478  0.001241548
2.690993  0.001239535
2.692006  0.001238189
2.693561  0.001236122
2.694091  0.001235418
2.695078  0.001234106
2.697782  0.001230513
2.699908  0.001227688
2.699971  0.001227603
2.701655  0.001225366
2.702279  0.001224536
2.705746  0.001219929
2.707048  0.001218198
2.707444  0.001217672
2.707747  0.00121727
2.710703  0.001213341
2.713348  0.001209827
2.714086  0.001208845
2.716768  0.001205281
2.717178  0.001204737
2.717668  0.001204085
2.718196  0.001203384
2.718205  0.001203371
2.719611  0.001201503
2.721517  0.00119897
2.723921  0.001195775
2.724614  0.001194854
2.725422  0.001193781
2.728806  0.001189283
2.730809  0.001186621
2.734461  0.001181769
2.735696  0.001180127
2.735819  0.001179963
2.736079  0.001179618
2.73714  0.001178208
2.738491  0.001176413
2.739068  0.001175646
2.739207  0.00117546
2.740389  0.00117389
2.741941  0.001171827
2.742501  0.001171083
2.743665  0.001169537
2.743673  0.001169526
2.745982  0.001166457
2.747768  0.001164083
2.747969  0.001163816
2.750326  0.001160685
2.751025  0.001159755
2.752417  0.001157906
2.753286  0.001156751
2.75417  0.001155576
2.754749  0.001154807
2.755847  0.001153347
2.757189  0.001151563
2.759013  0.00114914
2.759916  0.001147939
2.761082  0.00114639
2.761292  0.001146111
2.762984  0.001143862
2.763452  0.00114324
2.764018  0.001142488
2.764933  0.001141272
2.766311  0.001139441
2.766803  0.001138787
2.767496  0.001137866
2.767591  0.00113774
2.768349  0.001136732
2.771225  0.00113291
2.771893  0.001132023
2.773555  0.001129815
2.773852  0.001129419
2.776156  0.001126358
2.778145  0.001123714
2.779266  0.001122225
2.779383  0.001122069
2.779772  0.001121552
2.780759  0.001120241
2.784847  0.001114808
2.785875  0.001113441
2.786813  0.001112195
2.787355  0.001111475
2.788752  0.001109618
2.792325  0.00110487
2.793887  0.001102794
2.796065  0.001099899
2.803746  0.001091815
2.805051  0.001090821
2.807099  0.00108926
2.807505  0.001088951
2.812211  0.001085364
2.812335  0.00108527
2.813495  0.001084386
2.813802  0.001084152
2.814144  0.001083891
2.817019  0.0010817
2.818825  0.001080324
2.81896  0.001080221
2.824176  0.001076246
2.824788  0.00107578
2.825459  0.001075268
2.827197  0.001073944
2.82858  0.001072889
2.829195  0.001072421
2.830444  0.001071469
2.833441  0.001069185
2.83709  0.001066404
2.837958  0.001065743
2.838654  0.001065212
2.84095  0.001063462
2.844049  0.001061101
2.850643  0.001056075
2.851832  0.00105517
2.85326  0.001054081
2.85475  0.001052946
2.855519  0.001052359
2.85612  0.001051901
2.856607  0.00105153
2.859114  0.00104962
2.859647  0.001049214
2.860426  0.00104862
2.862659  0.001046919
2.866295  0.001044148
2.868056  0.001042805
2.868751  0.001042276
2.87173  0.001040005
2.874373  0.001037992
2.875969  0.001036775
2.87839  0.001034931
2.879827  0.001033835
2.882776  0.001031588
2.883649  0.001030922
2.884009  0.001030648
2.884492  0.00103028
2.886194  0.001028983
2.887585  0.001027923
2.890138  0.001025977
2.895674  0.001021758
2.897523  0.001020349
2.897712  0.001020205
2.898689  0.001019461
2.898867  0.001019325
2.899434  0.001018893
2.899642  0.001018735
2.899724  0.001018672
2.90016  0.00101834
2.902529  0.001016534
2.902661  0.001016433
2.902868  0.001016276
2.904409  0.001015101
2.906707  0.00101335
2.911472  0.001009719
2.913136  0.001008451
2.916958  0.001005538
2.919112  0.001003897
2.922031  0.001001672
2.922838  0.001001057
2.924512  0.0009997815
2.924738  0.000999609
2.925608  0.0009989458
2.927772  0.0009972968
2.932116  0.0009939862
2.933419  0.000992993
2.935191  0.0009916429
2.936522  0.0009906287
2.936759  0.0009904484
2.93689  0.000990348
2.938992  0.0009887466
2.943111  0.0009856069
2.944781  0.0009843348
2.944964  0.0009841952
2.945553  0.0009837463
2.948298  0.0009816543
2.948345  0.0009816185
2.948833  0.0009812468
2.949115  0.0009810316
2.949608  0.000980656
2.949775  0.0009805286
2.950296  0.0009801317
2.950859  0.0009797029
2.954792  0.0009767055
2.955937  0.0009758324
2.956206  0.0009756278
2.956432  0.0009754556
2.956823  0.0009751577
2.9584  0.0009739554
2.959465  0.0009731444
2.959522  0.0009731007
2.964137  0.0009695835
2.964676  0.0009691727
2.968513  0.000966249
2.970589  0.0009646666
2.974712  0.0009615249
2.975073  0.0009612492
2.977262  0.0009595811
2.978241  0.0009588356
2.979076  0.0009581992
2.979627  0.0009577789
2.979958  0.0009575265
2.98365  0.0009547131
2.983739  0.000954645
2.983833  0.0009545734
2.984359  0.0009541728
2.985395  0.0009533832
2.987002  0.0009521585
2.987292  0.0009519378
2.988552  0.000950977
2.990861  0.000949218
2.994394  0.000946525
2.994965  0.00094609
2.995232  0.0009458865
2.996204  0.0009451457
2.999026  0.0009429956
2.999567  0.0009425833
3.001517  0.0009413409
3.002148  0.0009409618
3.005072  0.0009392042
3.006588  0.0009382931
3.006718  0.0009382146
3.007986  0.0009374527
3.008585  0.0009370925
3.01084  0.0009357373
3.0131  0.000934379
3.014732  0.0009333976
3.01542  0.0009329845
3.017587  0.0009316818
3.018567  0.0009310929
3.018764  0.000930974
3.019075  0.0009307873
3.019191  0.0009307177
3.022094  0.0009289724
3.023591  0.0009280728
3.025026  0.0009272105
3.025105  0.0009271629
3.028581  0.0009250734
3.035296  0.0009210373
3.040621  0.0009178362
3.040844  0.0009177024
3.042901  0.0009164661
3.043602  0.0009160446
3.045422  0.0009149503
3.045903  0.0009146614
3.051061  0.0009115609
3.054087  0.0009097418
3.054483  0.0009095042
3.056053  0.0009085603
3.058888  0.0009068565
3.066091  0.0009025266
3.067224  0.0009018455
3.067794  0.0009015028
3.072541  0.0008986497
3.073281  0.0008982046
3.073998  0.0008977737
3.075114  0.000897103
3.075333  0.0008969717
3.0757  0.000896751
3.076522  0.0008962565
3.079817  0.0008942759
3.083465  0.0008920831
3.083833  0.0008918619
3.08384  0.0008918581
3.084789  0.0008912872
3.085235  0.0008910192
3.085321  0.0008909676
3.087524  0.0008896434
3.088244  0.0008892106
3.08905  0.0008887266
3.089746  0.0008883082
3.092254  0.0008868007
3.093228  0.000886215
3.093242  0.0008862068
3.093907  0.0008858066
3.09541  0.0008849036
3.097378  0.0008837207
3.098917  0.0008827956
3.099144  0.0008826587
3.101308  0.0008813582
3.102118  0.0008808713
3.109171  0.0008766321
3.10985  0.0008762235
3.111235  0.0008753912
3.111979  0.000874944
3.112461  0.000874654
3.113719  0.0008738982
3.114198  0.0008736104
3.114274  0.0008735642
3.114645  0.0008733416
3.116367  0.0008723062
3.116627  0.00087215
3.118844  0.0008708177
3.12398  0.0008677306
3.125658  0.000866722
3.126022  0.0008665032
3.12642  0.0008662635
3.126569  0.0008661743
3.128276  0.0008651478
3.129081  0.0008646644
3.129434  0.0008644523
3.131092  0.0008634553
3.136861  0.0008599879
3.13969  0.0008582875
3.140222  0.0008579673
3.146177  0.0008543879
3.152222  0.0008507544
3.152445  0.0008506204
3.153389  0.0008500529
3.155189  0.0008489709
3.155233  0.0008489444
3.159003  0.0008466784
3.160482  0.0008457892
3.16501  0.000843068
3.165899  0.0008425333
3.167098  0.0008418126
3.169783  0.0008401986
3.169812  0.0008401811
3.170164  0.0008399698
3.171533  0.0008391466
3.179497  0.0008343597
3.179969  0.000834076
3.179974  0.0008340731
3.179983  0.0008340679
3.183209  0.0008321289
3.184309  0.0008314673
3.185485  0.0008307607
3.185515  0.0008307425
3.18861  0.0008288821
3.18956  0.000828311
3.190294  0.0008278701
3.191353  0.0008272333
3.192183  0.0008267342
3.193969  0.0008256607
3.194363  0.0008254243
3.19525  0.0008248908
3.198651  0.0008228469
3.199096  0.0008225793
3.199611  0.0008222694
3.202651  0.0008204421
3.204187  0.0008195193
3.204405  0.0008193879
3.204549  0.0008193017
3.210402  0.000815783
3.211996  0.0008148251
3.21225  0.0008146722
3.212471  0.0008145394
3.213179  0.0008141139
3.213344  0.0008140146
3.214078  0.0008135737
3.214091  0.0008135661
3.214859  0.0008131043
3.216145  0.0008123312
3.218415  0.0008109669
3.21978  0.0008101461
3.221173  0.0008093089
3.221568  0.0008090718
3.224357  0.0008073952
3.224714  0.0008071803
3.226006  0.000806404
3.227238  0.0008056636
3.231991  0.0008028065
3.232829  0.0008023029
3.235078  0.000800951
3.238029  0.0007991772
3.241373  0.0007971671
3.244544  0.0007952611
3.250339  0.000791778
3.251394  0.0007911436
3.252532  0.0007904593
3.252694  0.0007903622
3.253485  0.0007898868
3.253639  0.0007897941
3.253754  0.000789725
3.256391  0.0007881398
3.259609  0.0007862054
3.259878  0.000786044
3.260094  0.000785914
3.261075  0.0007853245
3.261142  0.0007852842
3.261428  0.000785112
3.262468  0.0007844869
3.262694  0.0007843513
3.263562  0.0007838298
3.26435  0.0007833558
3.265328  0.0007827681
3.268329  0.0007809641
3.26978  0.0007800918
3.271786  0.0007788863
3.272353  0.0007785454
3.274218  0.0007774245
3.276888  0.0007758197
3.277052  0.0007757209
3.277788  0.0007752783
3.279019  0.0007745386
3.282442  0.000772481
3.284156  0.0007714506
3.284913  0.0007709958
3.285822  0.0007704494
3.286017  0.0007703322
3.286182  0.0007702327
3.287008  0.0007697363
3.289035  0.0007685184
3.289119  0.0007684674
3.290023  0.000767924
3.290511  0.0007676307
3.290871  0.0007674143
3.291076  0.0007672914
3.292453  0.0007664634
3.293585  0.0007657831
3.293612  0.000765767
3.298435  0.0007628679
3.298457  0.0007628549
3.303761  0.0007596665
3.308662  0.0007567208
3.308726  0.0007566821
3.308866  0.0007565982
3.309033  0.0007564977
3.30929  0.0007563434
3.311416  0.0007550651
3.311943  0.0007547484
3.314139  0.0007534282
3.314735  0.0007530702
3.315465  0.0007526316
3.31681  0.0007518227
3.320593  0.0007495492
3.322673  0.000748299
3.326497  0.0007460004
3.327661  0.0007453007
3.329461  0.0007442187
3.332861  0.0007421747
3.333293  0.0007419153
3.342107  0.0007366175
3.343629  0.0007357027
3.345063  0.0007348406
3.345631  0.0007344991
3.345856  0.0007343638
3.346491  0.000733982
3.347613  0.0007333078
3.348221  0.0007329424
3.349807  0.0007319886
3.352069  0.000730629
3.353109  0.0007300043
3.355366  0.0007286472
3.356577  0.0007279194
3.358665  0.0007266645
3.359477  0.0007261761
3.360498  0.0007255629
3.362119  0.0007245886
3.365632  0.0007224766
3.366287  0.0007220833
3.366374  0.0007220309
3.366394  0.0007220185
3.366482  0.0007219657
3.369361  0.0007202355
3.37148  0.0007189618
3.372456  0.0007183752
3.374495  0.0007171494
3.37606  0.0007162086
3.377234  0.0007155031
3.378897  0.0007145034
3.380557  0.0007135053
3.381343  0.0007130329
3.38713  0.0007095545
3.387163  0.0007095347
3.388582  0.0007086817
3.388754  0.0007085786
3.390556  0.000707495
3.391991  0.0007066325
3.396108  0.0007041579
3.396777  0.0007037558
3.398232  0.0007028814
3.401887  0.0007006842
3.406319  0.0006980205
3.408399  0.0006967699
3.412035  0.0006945843
3.412511  0.0006942983
3.412899  0.0006940654
3.41349  0.00069371
3.42801  0.0006849822
3.428057  0.0006849537
3.42844  0.0006847237
3.433801  0.0006815014
3.439801  0.0006778948
3.4403  0.0006775948
3.440939  0.0006772105
3.443681  0.0006755627
3.444059  0.0006753356
3.445679  0.0006743618
3.446591  0.0006738131
3.447082  0.0006735186
3.448795  0.0006724886
3.450178  0.0006716572
3.451216  0.0006710336
3.452137  0.0006704797
3.455281  0.00066859
3.456119  0.0006680864
3.458044  0.0006669289
3.459751  0.0006659034
3.461737  0.0006647096
3.461759  0.0006646959
3.464941  0.0006627835
3.468357  0.0006607303
3.469506  0.0006600393
3.469857  0.0006598285
3.470688  0.0006593292
3.473116  0.0006578695
3.475802  0.0006562551
3.476383  0.0006559059
3.478158  0.0006548389
3.479589  0.0006539787
3.480477  0.0006534452
3.481915  0.0006525807
3.487464  0.0006492454
3.488009  0.0006489176
3.488181  0.0006488144
3.488681  0.0006485139
3.489689  0.0006479079
3.491279  0.0006469524
3.491528  0.0006468021
3.491977  0.0006465323
3.49745  0.0006432425
3.497735  0.0006430717
3.498131  0.0006428337
3.500992  0.0006415617
3.50102  0.0006415575
3.505426  0.0006408985
3.505677  0.0006408609
3.50636  0.0006407588
3.508572  0.0006404279
3.511119  0.0006400471
3.51255  0.0006398331
3.51386  0.0006396371
3.516681  0.0006392153
3.517669  0.0006390675
3.518136  0.0006389976
3.526233  0.0006377867
3.526463  0.0006377522
3.527942  0.0006375311
3.531164  0.0006370493
3.533674  0.0006366739
3.534057  0.0006366165
3.535036  0.0006364701
3.537452  0.0006361088
3.540331  0.0006356783
3.541141  0.0006355571
3.542479  0.000635357
3.542572  0.0006353432
3.546586  0.0006347427
3.54718  0.000634654
3.548901  0.0006343966
3.549244  0.0006343453
3.552867  0.0006338035
3.554601  0.0006335441
3.556058  0.0006333262
3.556508  0.0006332589
3.557708  0.0006330795
3.560385  0.000632679
3.56149  0.0006325138
3.562743  0.0006323265
3.563393  0.0006322292
3.564678  0.000632037
3.565325  0.0006319403
3.565814  0.0006318671
3.565943  0.0006318479
3.566645  0.0006317428
3.568991  0.000631392
3.571448  0.0006310245
3.574054  0.0006306348
3.574534  0.0006305631
3.579052  0.0006298873
3.579937  0.0006297549
3.581622  0.000629503
3.583235  0.0006292618
3.586635  0.0006287532
3.58938  0.0006283427
3.596128  0.0006273335
3.597053  0.0006271951
3.597753  0.0006270905
3.598406  0.0006269928
3.599185  0.0006268763
3.599905  0.0006267686
3.603704  0.0006262005
3.606522  0.000625779
3.606941  0.0006257163
3.607472  0.0006256369
3.608878  0.0006254266
3.611658  0.0006250109
3.611877  0.0006249781
3.612873  0.0006248291
3.61412  0.0006246427
3.615081  0.0006244989
3.616702  0.0006242566
3.618525  0.0006239838
3.619681  0.000623811
3.621148  0.0006235917
3.625059  0.0006230066
3.627252  0.0006226788
3.62774  0.0006226057
3.628445  0.0006225003
3.628721  0.000622459
3.629352  0.0006223646
3.633806  0.0006216985
3.633979  0.0006216726
3.636477  0.000621299
3.637742  0.0006211098
3.640682  0.0006206702
3.643619  0.000620231
3.646283  0.0006198325
3.647609  0.0006196342
3.647622  0.0006196323
3.649713  0.0006193195
3.649788  0.0006193084
3.651052  0.0006191192
3.653328  0.0006187788
3.654211  0.0006186468
3.656665  0.0006182798
3.658679  0.0006179786
3.659231  0.000617896
3.659828  0.0006178068
3.661745  0.0006175201
3.664526  0.0006171041
3.665037  0.0006170277
3.667191  0.0006167057
3.667827  0.0006166105
3.670921  0.0006161477
3.673152  0.0006158141
3.676398  0.0006153286
3.677443  0.0006151724
3.67854  0.0006150082
3.679111  0.0006149228
3.680724  0.0006146817
3.683959  0.0006141978
3.685553  0.0006139594
3.687961  0.0006135993
3.692049  0.000612988
3.692697  0.000612891
3.693092  0.0006128319
3.693796  0.0006127267
3.693986  0.0006126982
3.696154  0.000612374
3.699211  0.0006119168
3.700408  0.0006117377
3.702252  0.0006114619
3.702552  0.0006114171
3.709101  0.0006104377
3.709648  0.0006103559
3.710913  0.0006101667
3.710975  0.0006101575
3.71338  0.0006097978
3.713527  0.0006097758
3.713704  0.0006097494
3.715002  0.0006095552
3.71864  0.000609011
3.720165  0.0006087829
3.726247  0.0006078733
3.729472  0.000607391
3.732501  0.0006069381
3.733308  0.0006068174
3.733418  0.000606801
3.736153  0.0006063919
3.736667  0.000606315
3.738416  0.0006060534
3.738704  0.0006060104
3.741523  0.0006055888
3.742322  0.0006054692
3.745757  0.0006049556
3.748222  0.0006045869
3.748852  0.0006044927
3.751788  0.0006040536
3.752231  0.0006039874
3.756254  0.0006033857
3.758702  0.0006030196
3.760244  0.0006027889
3.760594  0.0006027366
3.761023  0.0006026725
3.761052  0.0006026682
3.76411  0.0006022107
3.76585  0.0006019505
3.767153  0.0006017556
3.767519  0.000601701
3.768044  0.0006016224
3.76842  0.0006015661
3.768696  0.000601525
3.7707  0.0006012252
3.770764  0.0006012156
3.772165  0.000601006
3.773864  0.000600752
3.774254  0.0006006937
3.774578  0.0006006452
3.774644  0.0006006353
3.77585  0.0006004549
3.77646  0.0006003637
3.77957  0.0005998987
3.780535  0.0005997543
3.783338  0.0005993351
3.784465  0.0005991666
3.78516  0.0005990626
3.785231  0.000599052
3.788224  0.0005986044
3.788738  0.0005985275
3.788893  0.0005985044
3.789308  0.0005984422
3.791079  0.0005981773
3.79123  0.0005981548
3.792338  0.0005979891
3.793682  0.0005977881
3.800958  0.0005966999
3.802436  0.0005964789
3.802819  0.0005964216
3.804904  0.0005961098
3.805356  0.0005960422
3.806339  0.0005958952
3.812823  0.0005949255
3.81347  0.0005948286
3.813936  0.000594759
3.814918  0.0005946121
3.815901  0.0005944651
3.820009  0.0005938507
3.82509  0.0005930908
3.825773  0.0005929887
3.826051  0.0005929471
3.829274  0.0005924651
3.829906  0.0005923706
3.835732  0.0005914992
3.835893  0.0005914752
3.836188  0.000591431
3.839578  0.0005909241
3.841167  0.0005906864
3.846267  0.0005899237
3.848718  0.0005895572
3.849008  0.0005895138
3.850159  0.0005893416
3.85332  0.0005888689
3.854756  0.000588654
3.855571  0.0005885322
3.857307  0.0005882726
3.859165  0.0005879948
3.86034  0.0005878191
3.860989  0.0005877219
3.863533  0.0005873414
3.863788  0.0005873033
3.864668  0.0005871718
3.867974  0.0005866773
3.868309  0.0005866272
3.868664  0.0005865741
3.868686  0.0005865708
3.86975  0.0005864116
3.869861  0.000586395
3.873653  0.000585828
3.873681  0.0005858238
3.873898  0.0005857913
3.878056  0.0005851695
3.878959  0.0005850344
3.879959  0.0005848849
3.881112  0.0005847124
3.881864  0.0005846
3.883767  0.0005843153
3.883816  0.0005843079
3.883839  0.0005843045
3.884145  0.0005842588
3.884499  0.0005842058
3.891889  0.0005831006
3.892322  0.0005830358
3.895311  0.0005825889
3.895858  0.000582507
3.898536  0.0005821066
3.899215  0.000582005
3.900071  0.000581877
3.900436  0.0005818225
3.901142  0.0005817169
3.901354  0.0005816851
3.905277  0.0005810984
3.905918  0.0005810025
3.907428  0.0005807768
3.910707  0.0005802863
3.912087  0.0005800799
3.913834  0.0005798187
3.91496  0.0005796503
3.91635  0.0005794423
3.916522  0.0005794167
3.918413  0.0005791338
3.918533  0.0005791159
3.922467  0.0005785275
3.922753  0.0005784848
3.924126  0.0005782794
3.92536  0.0005780949
3.925405  0.0005780881
3.927168  0.0005778244
3.927904  0.0005777145
3.928776  0.000577584
3.929418  0.000577488
3.929879  0.0005774191
3.931807  0.0005771306
3.932548  0.0005770199
3.93256  0.0005770181
3.932652  0.0005770043
3.935802  0.0005765332
3.936363  0.0005764493
3.940246  0.0005758685
3.940562  0.0005758213
3.940824  0.0005757821
3.94162  0.000575663
3.941792  0.0005756374
3.941876  0.0005756248
3.947297  0.000574814
3.947785  0.0005747411
3.948088  0.0005746958
3.948442  0.0005746428
3.949096  0.000574545
3.955514  0.0005735852
3.956648  0.0005734156
3.957152  0.0005733401
3.957861  0.0005732341
3.95803  0.0005732089
3.962348  0.0005725631
3.963431  0.0005724012
3.965352  0.0005721139
3.966213  0.000571985
3.967349  0.0005718152
3.968093  0.0005717039
3.968929  0.0005715789
3.970419  0.0005713561
3.970627  0.0005713249
3.973014  0.0005709679
3.973317  0.0005709226
3.97418  0.0005707935
3.974355  0.0005707673
3.975108  0.0005706548
3.976199  0.0005704916
3.981507  0.0005696977
3.981641  0.0005696778
3.986274  0.0005689848
3.986447  0.000568959
3.989098  0.0005685624
3.99041  0.0005683662
3.990581  0.0005683407
3.990682  0.0005683255
3.99149  0.0005682047
3.994211  0.0005677977
3.994481  0.0005677573
3.997205  0.00056735
3.998712  0.0005671247
3.998815  0.0005671093
3.999515  0.0005670046
3.999519  0.0005670039
4.001159  0.0005669217
4.001889  0.0005669152
4.002632  0.0005669086
4.003598  0.0005669
4.009333  0.000566849
4.011495  0.0005668297
4.012836  0.0005668178
4.013143  0.000566815
4.01323  0.0005668143
4.013414  0.0005668126
4.014003  0.0005668074
4.014275  0.000566805
4.016233  0.0005667876
4.017088  0.00056678
4.01853  0.0005667671
4.020887  0.0005667461
4.022088  0.0005667355
4.023701  0.0005667211
4.02572  0.0005667031
4.027546  0.0005666869
4.032565  0.0005666422
4.033435  0.0005666345
4.033489  0.000566634
4.034151  0.0005666281
4.035207  0.0005666187
4.036386  0.0005666082
4.037199  0.000566601
4.037665  0.0005665969
4.039875  0.0005665772
4.04008  0.0005665754
4.040081  0.0005665754
4.043419  0.0005665457
4.043707  0.0005665431
4.045119  0.0005665305
4.048894  0.0005664969
4.049622  0.0005664905
4.049864  0.0005664883
4.05001  0.000566487
4.050211  0.0005664852
4.054976  0.0005664428
4.055604  0.0005664372
4.055821  0.0005664353
4.056589  0.0005664285
4.056816  0.0005664265
4.059789  0.0005664
4.060219  0.0005663962
4.061743  0.0005663826
4.064736  0.000566356
4.065202  0.0005663518
4.066095  0.0005663439
4.067199  0.0005663341
4.071601  0.0005662949
4.072156  0.00056629
4.072719  0.0005662849
4.074527  0.0005662689
4.074834  0.0005662661
4.082148  0.000566201
4.083263  0.0005661911
4.08489  0.0005661766
4.088114  0.000566148
4.08866  0.0005661431
4.089486  0.0005661358
4.089546  0.0005661352
4.090675  0.0005661252
4.090686  0.0005661251
4.092002  0.0005661134
4.092958  0.0005661049
4.093009  0.0005661044
4.099349  0.000566048
4.100677  0.0005660362
4.101772  0.0005660264
4.103785  0.0005660085
4.104304  0.0005660039
4.104824  0.0005659993
4.106904  0.0005659808
4.107031  0.0005659796
4.108855  0.0005659634
4.111271  0.0005659419
4.113255  0.0005659243
4.114215  0.0005659157
4.11438  0.0005659142
4.115546  0.0005659039
4.11678  0.0005658929
4.117317  0.0005658881
4.119973  0.0005658645
4.120287  0.0005658617
4.12208  0.0005658457
4.122951  0.000565838
4.126429  0.000565807
4.129211  0.0005657823
4.130004  0.0005657752
4.130741  0.0005657687
4.131471  0.0005657622
4.13172  0.00056576
4.134713  0.0005657333
4.134943  0.0005657313
4.139964  0.0005656866
4.141322  0.0005656745
4.146501  0.0005656284
4.146701  0.0005656267
4.146764  0.0005656261
4.147513  0.0005656194
4.148753  0.0005656084
4.151755  0.0005655817
4.151948  0.00056558
4.152895  0.0005655715
4.154461  0.0005655576
4.154777  0.0005655548
4.156837  0.0005655365
4.157308  0.0005655323
4.15968  0.0005655112
4.159898  0.0005655092
4.162341  0.0005654875
4.163745  0.000565475
4.166403  0.0005654513
4.166427  0.0005654511
4.167181  0.0005654444
4.168673  0.0005654311
4.169116  0.0005654272
4.172789  0.0005653945
4.173224  0.0005653907
4.173723  0.0005653862
4.174018  0.0005653836
4.175173  0.0005653733
4.175323  0.000565372
4.177902  0.000565349
4.178447  0.0005653442
4.178535  0.0005653434
4.178674  0.0005653422
4.179156  0.0005653379
4.180838  0.0005653229
4.181057  0.000565321
4.182597  0.0005653072
4.183737  0.0005652971
4.183808  0.0005652965
4.184062  0.0005652942
4.184127  0.0005652936
4.184308  0.000565292
4.190501  0.0005652369
4.191511  0.0005652279
4.196354  0.0005651848
4.197416  0.0005651754
4.198459  0.0005651661
4.200928  0.0005651441
4.201843  0.000565136
4.202017  0.0005651344
4.202327  0.0005651317
4.202465  0.0005651305
4.203042  0.0005651253
4.203702  0.0005651195
4.204576  0.0005651117
4.216619  0.0005650045
4.217575  0.000564996
4.21922  0.0005649814
4.21972  0.0005649769
4.220662  0.0005649686
4.221085  0.0005649648
4.224296  0.0005649362
4.233206  0.0005648569
4.2338  0.0005648517
4.236647  0.0005648263
4.238227  0.0005648123
4.239404  0.0005648018
4.2417  0.0005647814
4.241974  0.0005647789
4.242583  0.0005647735
4.243448  0.0005647658
4.249468  0.0005647122
4.250557  0.0005647025
4.250606  0.0005647021
4.252185  0.0005646881
4.252186  0.000564688
4.252241  0.0005646876
4.25448  0.0005646676
4.254776  0.000564665
4.255515  0.0005646584
4.256913  0.000564646
4.257602  0.0005646399
4.258093  0.0005646355
4.259811  0.0005646202
4.262813  0.0005645935
4.263636  0.0005645862
4.264953  0.0005645744
4.266064  0.0005645646
4.268597  0.000564542
4.27019  0.0005645278
4.270616  0.0005645241
4.270856  0.0005645219
4.271201  0.0005645189
4.271431  0.0005645168
4.273677  0.0005644968
4.278061  0.0005644578
4.278854  0.0005644508
4.283036  0.0005644135
4.285469  0.0005643919
4.286892  0.0005643792
4.288381  0.000564366
4.289127  0.0005643594
4.293228  0.0005643229
4.293484  0.0005643206
4.29516  0.0005643057
4.295607  0.0005643017
4.296356  0.000564295
4.298173  0.0005642789
4.298659  0.0005642745
4.299344  0.0005642684
4.302536  0.00056424
4.303625  0.0005642303
4.304121  0.0005642259
4.306987  0.0005642004
4.308245  0.0005641892
4.311342  0.0005641617
4.31245  0.0005641518
4.313669  0.000564141
4.313985  0.0005641382
4.314123  0.0005641369
4.314651  0.0005641322
4.318756  0.0005640957
4.319481  0.0005640893
4.322725  0.0005640604
4.322857  0.0005640592
4.326611  0.0005640258
4.328323  0.0005640106
4.328562  0.0005640085
4.332528  0.0005639732
4.334489  0.0005639557
4.335168  0.0005639497
4.33518  0.0005639496
4.33624  0.0005639401
4.339454  0.0005639115
4.340042  0.0005639063
4.340081  0.000563906
4.340888  0.0005638988
4.341159  0.0005638964
4.343906  0.0005638719
4.344687  0.000563865
4.35092  0.0005638095
4.351054  0.0005638083
4.352444  0.0005637959
4.354169  0.0005637806
4.356443  0.0005637604
4.360052  0.0005637283
4.363106  0.0005637011
4.364428  0.0005636893
4.364483  0.0005636888
4.366603  0.00056367
4.368904  0.0005636495
4.369181  0.000563647
4.369886  0.0005636408
4.370298  0.0005636371
4.371702  0.0005636246
4.382049  0.0005635325
4.382654  0.0005635271
4.385614  0.0005635008
4.388028  0.0005634793
4.388538  0.0005634748
4.388738  0.000563473
4.389739  0.0005634641
4.389973  0.000563462
4.390976  0.0005634531
4.392705  0.0005634377
4.39422  0.0005634242
4.3944  0.0005634226
4.39541  0.0005634136
4.395838  0.0005634098
4.397968  0.0005633909
4.399222  0.0005633797
4.40041  0.0005633692
4.403516  0.0005633415
4.404061  0.0005633367
4.404384  0.0005633338
4.40726  0.0005633082
4.40761  0.0005633051
4.408797  0.0005632945
4.412715  0.0005632597
4.415156  0.0005632379
4.418276  0.0005632102
4.420564  0.0005631898
4.421686  0.0005631798
4.428092  0.0005631228
4.428475  0.0005631194
4.429062  0.0005631142
4.429738  0.0005631082
4.433564  0.0005630741
4.433773  0.0005630723
4.434191  0.0005630686
4.445458  0.0005629683
4.445904  0.0005629643
4.446319  0.0005629607
4.447122  0.0005629535
4.449012  0.0005629367
4.452036  0.0005629098
4.453323  0.0005628983
4.455949  0.000562875
4.466215  0.0005627836
4.466274  0.0005627831
4.46743  0.0005627728
4.467579  0.0005627715
4.471187  0.0005627394
4.471799  0.0005627339
4.473321  0.0005627204
4.474571  0.0005627093
4.475577  0.0005627003
4.475837  0.000562698
4.475905  0.0005626974
4.476262  0.0005626942
4.477057  0.0005626872
4.479031  0.0005626696
4.482225  0.0005626412
4.483755  0.0005626276
4.488821  0.0005625825
4.489642  0.0005625752
4.490156  0.0005625706
4.493013  0.0005625452
4.495895  0.0005625195
4.496037  0.0005625183
4.496163  0.0005625171
4.496236  0.0005625165
4.499317  0.0005624891
4.500006  0.0005624833
4.502784  0.0005626244
4.505392  0.0005627569
4.508626  0.0005629211
4.508959  0.0005629381
4.511815  0.0005630831
4.51187  0.0005630859
4.512283  0.0005631069
4.513505  0.000563169
4.513519  0.0005631697
4.514791  0.0005632343
4.516214  0.0005633066
4.518535  0.0005634245
4.51943  0.0005634699
4.520961  0.0005635477
4.522381  0.0005636198
4.523912  0.0005636976
4.524188  0.0005637116
4.524194  0.0005637119
4.525843  0.0005637957
4.526529  0.0005638305
4.527158  0.0005638624
4.531496  0.0005640828
4.533303  0.0005641746
4.533588  0.0005641891
4.534777  0.0005642495
4.535849  0.0005643039
4.536822  0.0005643534
4.539053  0.0005644666
4.53964  0.0005644965
4.540128  0.0005645213
4.540852  0.0005645581
4.543004  0.0005646673
4.54431  0.0005647337
4.545766  0.0005648077
4.545933  0.0005648161
4.546255  0.0005648325
4.549721  0.0005650085
4.554782  0.0005652656
4.556025  0.0005653287
4.556789  0.0005653675
4.558924  0.000565476
4.559319  0.000565496
4.559596  0.0005655101
4.560906  0.0005655766
4.562635  0.0005656645
4.562684  0.000565667
4.564353  0.0005657518
4.565597  0.0005658149
4.565902  0.0005658304
4.565976  0.0005658342
4.56624  0.0005658476
4.566747  0.0005658734
4.570743  0.0005660763
4.575981  0.0005663424
4.577808  0.0005664352
4.579444  0.0005665183
4.581387  0.000566617
4.581714  0.0005666336
4.5834  0.0005667192
4.586435  0.0005668734
4.587908  0.0005669482
4.591417  0.0005671265
4.593377  0.000567226
4.59439  0.0005672775
4.601026  0.0005676145
4.601114  0.000567619
4.602673  0.0005676982
4.604081  0.0005677697
4.604163  0.0005677738
4.604213  0.0005677764
4.607907  0.000567964
4.608029  0.0005679702
4.610501  0.0005680958
4.611853  0.0005681645
4.611934  0.0005681686
4.612389  0.0005681917
4.618154  0.0005684845
4.618937  0.0005685243
4.619042  0.0005685296
4.621128  0.0005686356
4.623262  0.000568744
4.623851  0.0005687739
4.624089  0.000568786
4.624716  0.0005688178
4.625369  0.000568851
4.627545  0.0005689615
4.629775  0.0005690748
4.629967  0.0005690845
4.630201  0.0005690965
4.631462  0.0005691605
4.633002  0.0005692387
4.634273  0.0005693032
4.636418  0.0005694122
4.63697  0.0005694403
4.637057  0.0005694447
4.637787  0.0005694818
4.643555  0.0005697747
4.645611  0.0005698791
4.646008  0.0005698993
4.648304  0.000570016
4.651079  0.0005701569
4.651249  0.0005701655
4.653006  0.0005702548
4.653173  0.0005702633
4.654325  0.0005703218
4.65497  0.0005703545
4.657694  0.0005704929
4.657996  0.0005705082
4.658336  0.0005705255
4.661038  0.0005706628
4.661354  0.0005706788
4.661405  0.0005706814
4.665473  0.000570888
4.666181  0.000570924
4.670401  0.0005711383
4.671987  0.0005712189
4.672403  0.0005712401
4.672624  0.0005712513
4.67646  0.0005714461
4.679064  0.0005715784
4.679603  0.0005716058
4.683581  0.0005718078
4.685062  0.000571883
4.685375  0.0005718989
4.685768  0.0005719189
4.687396  0.0005720016
4.688619  0.0005720637
4.688739  0.0005720698
4.690006  0.0005721342
4.691218  0.0005721957
4.69339  0.0005723061
4.693858  0.0005723298
4.69596  0.0005724366
4.698648  0.0005725731
4.699256  0.000572604
4.699716  0.0005726274
4.700834  0.0005726841
4.701397  0.0005727127
4.701465  0.0005727162
4.701698  0.000572728
4.704906  0.000572891
4.706187  0.000572956
4.706577  0.0005729759
4.708457  0.0005730714
4.708508  0.0005730739
4.709072  0.0005731026
4.717757  0.0005735437
4.71791  0.0005735515
4.718494  0.0005735812
4.718955  0.0005736046
4.71923  0.0005736186
4.719528  0.0005736337
4.720546  0.0005736854
4.723929  0.0005738572
4.724336  0.0005738779
4.72533  0.0005739284
4.725864  0.0005739556
4.726586  0.0005739922
4.726941  0.0005740102
4.729268  0.0005741284
4.731932  0.0005742637
4.732679  0.0005743017
4.733269  0.0005743316
4.734484  0.0005743934
4.73476  0.0005744074
4.735934  0.000574467
4.736344  0.0005744878
4.736997  0.000574521
4.737313  0.0005745371
4.737416  0.0005745423
4.737418  0.0005745424
4.740187  0.0005746831
4.740869  0.0005747177
4.741786  0.0005747643
4.742515  0.0005748013
4.742677  0.0005748096
4.743264  0.0005748393
4.744028  0.0005748782
4.744884  0.0005749216
4.746821  0.00057502
4.747288  0.0005750438
4.747979  0.0005750788
4.748389  0.0005750997
4.750656  0.0005752148
4.752684  0.0005753178
4.755005  0.0005754357
4.755012  0.0005754361
4.756326  0.0005755028
4.760675  0.0005757237
4.76148  0.0005757646
4.762064  0.0005757943
4.762194  0.0005758009
4.764367  0.0005759113
4.765781  0.0005759831
4.766243  0.0005760065
4.767202  0.0005760553
4.767543  0.0005760726
4.771961  0.000576297
4.778262  0.0005766171
4.780414  0.0005767263
4.781691  0.0005767912
4.783016  0.0005768585
4.783149  0.0005768653
4.784897  0.000576954
4.785542  0.0005769868
4.787035  0.0005770627
4.791312  0.0005772799
4.792677  0.0005773492
4.796753  0.0005775563
4.797024  0.00057757
4.798605  0.0005776503
4.80013  0.0005777278
4.801326  0.0005777886
4.801405  0.0005777926
4.802648  0.0005778557
4.803309  0.0005778893
4.803739  0.0005779111
4.80434  0.0005779416
4.804852  0.0005779676
4.805152  0.0005779829
4.806171  0.0005780347
4.807375  0.0005780958
4.808604  0.0005781582
4.812032  0.0005783324
4.812576  0.00057836
4.817816  0.0005786261
4.818058  0.0005786384
4.820334  0.000578754
4.823793  0.0005789297
4.824728  0.0005789773
4.827021  0.0005790937
4.827337  0.0005791098
4.827386  0.0005791123
4.834732  0.0005794854
4.840337  0.0005797701
4.840403  0.0005797734
4.843832  0.0005799476
4.843982  0.0005799552
4.844277  0.0005799702
4.845233  0.0005800188
4.845583  0.0005800366
4.846548  0.0005800855
4.846671  0.0005800918
4.84677  0.0005800968
4.852221  0.0005803737
4.853038  0.0005804152
4.853563  0.0005804419
4.853838  0.0005804558
4.854797  0.0005805045
4.857701  0.000580652
4.858894  0.0005807127
4.859678  0.0005807525
4.862084  0.0005808747
4.863008  0.0005809216
4.864018  0.0005809729
4.865222  0.0005810341
4.87365  0.0005814622
4.874375  0.000581499
4.877606  0.0005816631
4.87845  0.000581706
4.878615  0.0005817144
4.880749  0.0005818228
4.884175  0.0005819968
4.884208  0.0005819984
4.886656  0.0005821228
4.887871  0.0005821845
4.888578  0.0005822204
4.888875  0.0005822355
4.890277  0.0005823067
4.892057  0.0005823972
4.89227  0.000582408
4.893754  0.0005824833
4.894149  0.0005825034
4.895271  0.0005825604
4.898775  0.0005827384
4.89906  0.0005827529
4.900263  0.0005828139
4.900472  0.0005828246
4.909588  0.0005832876
4.909718  0.0005832942
4.912596  0.0005834404
4.912812  0.0005834514
4.915852  0.0005836058
4.925403  0.0005840909
4.926648  0.0005841541
4.93388  0.0005845215
4.934207  0.0005845381
4.934566  0.0005845563
4.93654  0.0005846566
4.937652  0.0005847131
4.939874  0.000584826
4.942978  0.0005849836
4.943308  0.0005850004
4.944841  0.0005850783
4.948424  0.0005852603
4.950404  0.0005853608
4.950525  0.000585367
4.951391  0.0005854109
4.954115  0.0005855493
4.955648  0.0005856272
4.956591  0.0005856751
4.959063  0.0005858006
4.95917  0.0005858061
4.959187  0.000585807
4.960327  0.0005858648
4.960715  0.0005858846
4.960858  0.0005858918
4.961299  0.0005859142
4.962789  0.0005859899
4.967354  0.0005862218
4.967802  0.0005862445
4.96819  0.0005862643
4.968736  0.000586292
4.971941  0.0005864548
4.972044  0.00058646
4.972271  0.0005864715
4.974411  0.0005865802
4.975194  0.00058662
4.97712  0.0005867178
4.977477  0.000586736
4.978015  0.0005867633
4.983636  0.0005870488
4.98364  0.000587049
4.984204  0.0005870777
4.985996  0.0005871687
4.986295  0.0005871839
4.98718  0.0005872288
4.988094  0.0005872752
4.991986  0.000587473
4.992757  0.0005875121
4.997403  0.0005877481
4.997681  0.0005877622
4.998511  0.0005878044
4.998612  0.0005878095
4.999909  0.0005878754