0.9040169  1.e6
0.9054491  1.e6
0.9089514  1.e6
0.9112131  1.e6
0.913166  1.e6
0.9174458  1.e6
0.9185101  1.e6
0.919644  1.e6
0.9199846  1.e6
0.9241951  1.e6
0.9245445  1.e6
0.9271949  1.e6
0.9351934  1.e6
0.9394459  1.e6
0.9408562  1.e6
0.9451281  1.e6
0.9486614  1.e6
0.9498171  1.e6
0.9564044  1.e6
0.9565495  1.e6
0.9615474  1.e6
0.9623069  1.e6
0.9626305  1.e6
0.9642746  1.e6
0.965463  1.e6
0.9673814  1.e6
0.9675834  1.e6
0.971011  1.e6
0.972875  1.e6
0.9731191  1.e6
0.9786177  1.e6
0.9795229  1.e6
0.9814871  1.e6
0.9847067  1.e6
0.9854388  1.e6
0.9876588  1.e6
0.9876756  1.e6
0.9888658  1.e6
0.9925835  1.e6
0.9936616  1.e6
0.9947841  1.e6
0.9952665  1.e6
0.9962663  1.e6
0.999725  1.e6
1.001601  1.e6
1.006577  1.e6
1.011007  1.e6
1.012718  1.e6
1.013615  1.e6
1.018424  1.e6
1.02454  1.e6
1.028273  1.e6
1.029343  1.e6
1.031444  1.e6
1.032792  1.e6
1.035165  1.e6
1.035316  1.e6
1.04754  1.e6
1.048675  1.e6
1.055023  1.e6
1.061327  1.e6
1.062831  1.e6
1.063672  1.e6
1.064364  1.e6
1.065222  1.e6
1.066669  1.e6
1.068129  1.e6
1.072578  1.e6
1.072817  1.e6
1.075751  1.e6
1.08036  1.e6
1.082071  1.e6
1.086023  1.e6
1.086748  1.e6
1.086868  1.e6
1.090167  1.e6
1.090428  1.e6
1.092778  1.e6
1.102386  1.e6
1.104217  1.e6
1.106014  1.e6
1.107103  1.e6
1.107353  1.e6
1.108483  1.e6
1.108543  1.e6
1.109329  1.e6
1.110822  1.e6
1.113073  1.e6
1.113619  1.e6
1.116826  1.e6
1.118957  1.e6
1.12131  1.e6
1.121773  1.e6
1.124917  1.e6
1.125497  1.e6
1.127368  1.e6
1.131617  1.e6
1.1341  1.e6
1.136776  1.e6
1.137944  1.e6
1.14085  1.e6
1.144281  1.e6
1.145112  1.e6
1.146431  1.e6
1.147318  1.e6
1.147421  1.e6
1.148654  1.e6
1.150879  1.e6
1.151523  1.e6
1.151701  1.e6
1.155532  1.e6
1.156032  1.e6
1.158446  1.e6
1.15929  1.e6
1.159988  1.e6
1.160446  1.e6
1.162458  1.e6
1.165454  1.e6
1.173949  1.e6
1.175592  1.e6
1.176845  1.e6
1.176992  1.e6
1.177546  1.e6
1.178049  1.e6
1.180716  1.e6
1.18527  1.e6
1.186545  1.e6
1.187091  1.e6
1.187436  1.e6
1.189346  1.e6
1.190717  1.e6
1.19305  1.e6
1.194359  1.e6
1.198298  1.e6
1.202059  1.e6
1.203935  1.e6
1.206029  1.e6
1.208317  1.e6
1.208342  1.e6
1.209386  1.e6
1.211037  1.e6
1.214207  1.e6
1.215117  1.e6
1.217594  1.e6
1.218572  1.e6
1.219356  1.e6
1.222885  1.e6
1.223179  1.e6
1.227779  1.e6
1.228789  1.e6
1.231218  1.e6
1.232248  1.e6
1.233192  1.e6
1.233301  1.e6
1.236049  1.e6
1.236791  1.e6
1.238468  1.e6
1.239092  1.e6
1.240185  1.e6
1.242975  1.e6
1.244697  1.e6
1.252211  1.e6
1.253856  1.e6
1.255511  1.e6
1.25588  1.e6
1.259767  1.e6
1.26443  1.e6
1.270514  1.e6
1.271056  1.e6
1.272493  1.e6
1.272794  1.e6
1.273946  1.e6
1.274488  1.e6
1.275371  1.e6
1.277934  1.e6
1.282322  1.e6
1.282453  1.e6
1.282999  1.e6
1.284644  1.e6
1.285709  1.e6
1.285723  1.e6
1.286048  1.e6
1.287203  1.e6
1.288483  1.e6
1.291908  1.e6
1.292597  1.e6
1.295478  1.e6
1.29821  1.e6
1.298918  1.e6
1.301418  1.e6
1.303738  1.e6
1.303744  1.e6
1.304801  1.e6
1.30646  1.e6
1.308543  1.e6
1.314296  1.e6
1.314812  1.e6
1.315401  1.e6
1.316654  1.e6
1.31847  1.e6
1.319502  1.e6
1.320184  1.e6
1.323272  1.e6
1.326869  1.e6
1.329587  1.e6
1.332093  1.e6
1.334689  1.e6
1.335996  1.e6
1.338151  1.e6
1.340455  1.e6
1.34435  1.e6
1.344958  1.e6
1.345625  1.e6
1.348292  1.e6
1.349456  1.e6
1.349755  1.e6
1.351176  1.e6
1.35298  1.e6
1.354009  1.e6
1.357574  1.e6
1.358444  1.e6
1.358992  1.e6
1.360099  1.e6
1.3627  1.e6
1.364275  1.e6
1.365731  1.e6
1.367608  1.e6
1.368815  1.e6
1.36939  1.e6
1.371977  1.e6
1.372656  1.e6
1.37407  1.e6
1.37563  1.e6
1.379592  1.e6
1.379718  1.e6
1.381641  1.e6
1.382943  1.e6
1.383212  1.e6
1.384527  1.e6
1.38955  1.e6
1.390845  1.e6
1.395215  1.e6
1.400313  1.e6
1.401478  1.e6
1.40332  1.e6
1.405729  1.e6
1.408629  1.e6
1.409523  1.e6
1.413683  1.e6
1.416182  1.e6
1.416801  1.e6
1.420649  1.e6
1.428939  1.e6
1.429155  1.e6
1.431151  1.e6
1.431655  1.e6
1.431711  1.e6
1.43182  1.e6
1.433972  1.e6
1.440227  1.e6
1.441638  1.e6
1.444016  1.e6
1.445266  1.e6
1.446661  1.e6
1.44676  1.e6
1.447864  1.e6
1.448317  1.e6
1.449702  1.e6
1.454125  1.e6
1.455188  1.e6
1.455254  1.e6
1.456162  1.e6
1.457442  1.e6
1.460493  1.e6
1.461249  1.e6
1.461665  1.e6
1.462886  1.e6
1.466586  1.e6
1.467045  1.e6
1.471189  1.e6
1.473176  1.e6
1.473331  1.e6
1.473891  1.e6
1.474508  1.e6
1.475666  1.e6
1.490634  1.e6
1.492134  1.e6
1.496589  1.e6
1.499923  1.e6
1.502424  1.e6
1.507537  1.e6
1.507576  1.e6
1.509378  1.e6
1.512492  1.e6
1.513333  1.e6
1.51348  1.e6
1.513723  1.e6
1.51398  1.e6
1.514704  1.e6
1.514836  1.e6
1.516776  1.e6
1.521535  1.e6
1.524231  1.e6
1.530179  1.e6
1.53242  1.e6
1.532432  1.e6
1.536111  1.e6
1.53863  1.e6
1.544128  1.e6
1.546025  1.e6
1.549104  1.e6
1.549797  1.e6
1.551252  1.e6
1.557777  1.e6
1.559231  1.e6
1.559969  1.e6
1.560685  1.e6
1.562051  1.e6
1.564472  1.e6
1.564566  1.e6
1.564652  1.e6
1.565222  1.e6
1.567393  1.e6
1.56821  1.e6
1.56871  1.e6
1.571918  1.e6
1.572143  1.e6
1.577198  1.e6
1.580814  1.e6
1.582448  1.e6
1.583349  1.e6
1.583648  1.e6
1.591885  1.e6
1.592194  1.e6
1.594674  1.e6
1.594746  1.e6
1.594911  1.e6
1.595272  1.e6
1.59622  1.e6
1.600592  1.e6
1.603996  1.e6
1.604272  1.e6
1.606037  1.e6
1.607824  1.e6
1.608434  1.e6
1.610631  1.e6
1.61091  1.e6
1.613471  1.e6
1.614811  1.e6
1.614893  1.e6
1.617359  1.e6
1.617458  1.e6
1.619876  1.e6
1.620238  1.e6
1.621094  1.e6
1.622514  1.e6
1.629398  1.e6
1.630178  1.e6
1.630313  1.e6
1.630372  1.e6
1.630853  1.e6
1.633039  1.e6
1.633261  1.e6
1.633452  1.e6
1.634644  1.e6
1.63555  1.e6
1.638211  1.e6
1.640432  1.e6
1.641547  1.e6
1.64501  1.e6
1.645894  1.e6
1.646499  1.e6
1.649209  1.e6
1.649665  1.e6
1.651529  1.e6
1.651685  1.e6
1.651701  1.e6
1.654291  1.e6
1.654891  1.e6
1.658477  1.e6
1.660457  1.e6
1.660992  1.e6
1.661513  1.e6
1.665047  1.e6
1.668052  1.e6
1.669327  1.e6
1.669844  1.e6
1.671619  1.e6
1.676933  1.e6
1.677673  1.e6
1.687205  1.e6
1.691465  1.e6
1.692927  1.e6
1.693669  1.e6
1.704862  1.e6
1.705329  1.e6
1.706614  1.e6
1.709703  1.e6
1.713302  1.e6
1.714413  1.e6
1.717249  1.e6
1.717383  1.e6
1.719532  1.e6
1.720202  1.e6
1.720448  1.e6
1.720901  1.e6
1.721226  1.e6
1.724409  1.e6
1.730348  1.e6
1.732786  1.e6
1.733167  1.e6
1.74045  1.e6
1.743093  1.e6
1.748873  1.e6
1.751667  1.e6
1.755346  1.e6
1.757638  1.e6
1.763471  1.e6
1.76747  1.e6
1.768779  1.e6
1.771128  1.e6
1.774896  1.e6
1.7755  1.e6
1.777737  1.e6
1.780341  1.e6
1.781629  1.e6
1.783104  1.e6
1.787104  1.e6
1.787961  1.e6
1.790499  1.e6
1.79073  1.e6
1.791366  1.e6
1.791994  1.e6
1.792154  1.e6
1.79383  1.e6
1.795275  1.e6
1.795455  1.e6
1.796295  1.e6
1.798586  1.e6
1.803794  1.e6
1.803935  1.e6
1.803939  1.e6
1.807882  1.e6
1.811282  1.e6
1.812571  1.e6
1.81565  1.e6
1.816879  1.e6
1.819439  1.e6
1.823285  1.e6
1.823697  1.e6
1.824371  1.e6
1.825554  1.e6
1.830883  1.e6
1.831487  1.e6
1.831522  1.e6
1.83623  1.e6
1.838651  1.e6
1.838785  1.e6
1.839986  1.e6
1.841802  1.e6
1.843219  1.e6
1.84355  1.e6
1.843637  1.e6
1.8447  1.e6
1.848518  1.e6
1.852244  1.e6
1.853218  1.e6
1.856648  1.e6
1.857012  1.e6
1.858073  1.e6
1.85968  1.e6
1.860056  1.e6
1.867019  1.e6
1.868828  1.e6
1.869902  1.e6
1.872475  1.e6
1.872882  1.e6
1.87408  1.e6
1.874921  1.e6
1.875639  1.e6
1.876132  1.e6
1.876654  1.e6
1.87956  1.e6
1.880318  1.e6
1.880829  1.e6
1.88184  1.e6
1.883807  1.e6
1.884811  1.e6
1.887201  1.e6
1.888264  1.e6
1.888325  1.e6
1.888469  1.e6
1.889063  1.e6
1.892996  1.e6
1.894138  1.e6
1.89669  1.e6
1.898322  1.e6
1.898808  1.e6
1.902105  1.e6
1.904818  1.e6
1.905725  1.e6
1.906506  1.e6
1.908008  1.e6
1.914338  1.e6
1.917353  1.e6
1.92305  1.e6
1.924019  1.e6
1.924123  1.e6
1.92444  1.e6
1.927356  1.e6
1.927379  1.e6
1.92929  1.e6
1.930172  1.e6
1.940291  1.e6
1.941509  1.e6
1.946827  1.e6
1.949701  1.e6
1.95102  1.e6
1.951498  1.e6
1.953594  1.e6
1.956129  1.e6
1.958227  1.e6
1.958339  1.e6
1.958355  1.e6
1.963336  1.e6
1.964527  1.e6
1.966446  1.e6
1.966731  1.e6
1.967336  1.e6
1.970087  1.e6
1.9702  1.e6
1.971328  1.e6
1.971669  1.e6
1.972829  1.e6
1.974555  1.e6
1.975792  1.e6
1.978054  1.e6
1.98013  1.e6
1.983425  1.e6
1.984102  1.e6
1.984541  1.e6
1.986136  1.e6
1.988308  1.e6
1.989842  1.e6
1.99528  1.e6
1.995516  1.e6
1.998188  1.e6
1.998638  1.e6
1.999402  1.e6
2.000918  1.e6
2.001553  1.e6
2.004038  1.e6
2.008139  1.e6
2.009165  1.e6
2.009215  1.e6
2.011464  1.e6
2.015792  1.e6
2.018398  1.e6
2.019823  1.e6
2.021343  1.e6
2.021972  1.e6
2.02241  1.e6
2.024896  1.e6
2.026959  1.e6
2.027321  1.e6
2.027401  1.e6
2.027932  1.e6
2.028355  1.e6
2.028753  1.e6
2.029475  1.e6
2.029515  1.e6
2.035218  1.e6
2.035594  1.e6
2.039591  1.e6
2.040423  1.e6
2.040961  1.e6
2.044172  1.e6
2.046234  1.e6
2.046479  1.e6
2.047021  1.e6
2.05065  1.e6
2.052438  1.e6
2.0545  1.e6
2.056179  1.e6
2.056234  1.e6
2.056382  1.e6
2.057452  1.e6
2.062604  1.e6
2.066105  1.e6
2.066563  1.e6
2.067716  1.e6
2.070339  1.e6
2.071215  1.e6
2.072193  1.e6
2.073986  1.e6
2.075456  1.e6
2.075754  1.e6
2.076646  1.e6
2.076972  1.e6
2.077465  1.e6
2.079205  1.e6
2.080389  1.e6
2.084823  1.e6
2.085481  1.e6
2.086456  1.e6
2.087674  1.e6
2.088432  1.e6
2.088614  1.e6
2.09155  1.e6
2.09176  1.e6
2.092756  1.e6
2.093374  1.e6
2.096242  1.e6
2.103243  1.e6
2.104675  1.e6
2.105355  1.e6
2.106965  1.e6
2.108449  1.e6
2.110609  1.e6
2.111869  1.e6
2.114582  1.e6
2.115174  1.e6
2.115972  1.e6
2.118016  1.e6
2.123824  1.e6
2.125256  1.e6
2.126544  1.e6
2.126849  1.e6
2.127149  1.e6
2.128677  1.e6
2.129306  1.e6
2.130826  1.e6
2.132449  1.e6
2.1336  1.e6
2.140007  1.e6
2.141892  1.e6
2.143017  1.e6
2.146878  1.e6
2.14726  1.e6
2.149223  1.e6
2.149591  1.e6
2.151419  1.e6
2.151574  1.e6
2.152233  1.e6
2.152748  1.e6
2.15477  1.e6
2.156326  1.e6
2.156433  1.e6
2.157073  1.e6
2.1599  1.e6
2.160447  1.e6
2.16345  1.e6
2.164398  1.e6
2.164902  1.e6
2.165697  1.e6
2.167556  1.e6
2.167963  1.e6
2.171057  1.e6
2.175439  1.e6
2.181374  1.e6
2.182306  1.e6
2.183557  1.e6
2.185089  1.e6
2.186046  1.e6
2.18769  1.e6
2.187933  1.e6
2.190585  1.e6
2.191909  1.e6
2.191912  1.e6
2.193058  1.e6
2.195258  1.e6
2.196559  1.e6
2.197779  1.e6
2.198969  1.e6
2.205682  1.e6
2.212376  1.e6
2.212509  1.e6
2.214288  1.e6
2.219379  1.e6
2.221841  1.e6
2.225071  1.e6
2.226166  1.e6
2.226302  1.e6
2.228298  1.e6
2.235484  1.e6
2.235829  1.e6
2.239399  1.e6
2.24427  1.e6
2.244574  1.e6
2.247236  1.e6
2.248163  1.e6
2.250889  1.e6
2.251176  1.e6
2.251221  1.e6
2.251641  1.e6
2.258522  1.e6
2.262863  1.e6
2.263335  1.e6
2.263797  1.e6
2.267369  1.e6
2.269081  1.e6
2.274376  1.e6
2.276097  1.e6
2.277189  1.e6
2.278323  1.e6
2.279772  1.e6
2.28031  1.e6
2.280439  1.e6
2.282125  1.e6
2.283644  1.e6
2.284744  1.e6
2.284888  1.e6
2.286  1.e6
2.287005  1.e6
2.2913  1.e6
2.295128  1.e6
2.29734  1.e6
2.299396  1.e6
2.30028  1.e6
2.302144  1.e6
2.302816  1.e6
2.304255  1.e6
2.305705  1.e6
2.311784  1.e6
2.312538  1.e6
2.314126  1.e6
2.316198  1.e6
2.316916  1.e6
2.319702  1.e6
2.324  1.e6
2.324671  1.e6
2.324733  1.e6
2.326192  1.e6
2.326422  1.e6
2.326952  1.e6
2.329191  1.e6
2.329764  1.e6
2.330241  1.e6
2.331455  1.e6
2.331458  1.e6
2.332037  1.e6
2.332618  1.e6
2.333464  1.e6
2.333736  1.e6
2.333962  1.e6
2.336087  1.e6
2.342195  1.e6
2.343991  1.e6
2.34479  1.e6
2.344904  1.e6
2.346826  1.e6
2.349418  1.e6
2.350661  1.e6
2.35405  1.e6
2.354708  1.e6
2.355374  1.e6
2.355544  1.e6
2.356005  1.e6
2.356205  1.e6
2.357289  1.e6
2.357402  1.e6
2.357749  1.e6
2.359494  1.e6
2.35979  1.e6
2.36161  1.e6
2.365565  1.e6
2.365969  1.e6
2.372405  1.e6
2.373874  1.e6
2.377457  1.e6
2.378926  1.e6
2.383199  1.e6
2.383382  1.e6
2.383809  1.e6
2.384766  1.e6
2.385885  1.e6
2.388675  1.e6
2.389387  1.e6
2.390406  1.e6
2.393725  1.e6
2.394572  1.e6
2.394729  1.e6
2.395209  1.e6
2.395294  1.e6
2.396125  1.e6
2.396963  1.e6
2.398023  1.e6
2.399699  1.e6
2.400325  1.e6
2.400763  1.e6
2.400942  1.e6
2.401289  1.e6
2.405336  1.e6
2.408544  1.e6
2.410005  1.e6
2.416904  1.e6
2.417215  1.e6
2.418331  1.e6
2.421959  1.e6
2.425083  1.e6
2.425938  1.e6
2.433157  1.e6
2.433985  1.e6
2.435321  1.e6
2.439037  1.e6
2.441827  1.e6
2.44189  1.e6
2.44213  1.e6
2.446745  1.e6
2.447245  1.e6
2.454283  1.e6
2.454434  1.e6
2.455763  1.e6
2.458269  1.e6
2.458934  1.e6
2.465788  1.e6
2.473658  1.e6
2.473857  1.e6
2.475208  1.e6
2.477124  1.e6
2.478373  1.e6
2.481435  1.e6
2.485236  1.e6
2.490954  1.e6
2.495993  1.e6
2.496841  1.e6
2.498725  1.e6
2.500685  1.e6
2.50148  1.e6
2.501761  1.e6
2.504336  1.e6
2.505105  1.e6
2.505264  1.e6
2.509831  1.e6
2.511016  1.e6
2.517006  1.e6
2.518428  1.e6
2.518525  1.e6
2.519285  1.e6
2.521617  1.e6
2.521942  1.e6
2.522225  1.e6
2.523368  1.e6
2.523408  1.e6
2.523641  1.e6
2.524892  1.e6
2.53318  1.e6
2.533848  1.e6
2.53435  1.e6
2.537767  1.e6
2.541131  1.e6
2.5413  1.e6
2.544179  1.e6
2.544348  1.e6
2.545707  1.e6
2.54684  1.e6
2.552845  1.e6
2.552918  1.e6
2.55387  1.e6
2.557311  1.e6
2.558101  1.e6
2.558589  1.e6
2.559344  1.e6
2.560197  1.e6
2.561214  1.e6
2.566196  1.e6
2.567165  1.e6
2.569846  1.e6
2.570542  1.e6
2.57254  1.e6
2.578742  1.e6
2.580543  1.e6
2.582698  1.e6
2.585914  1.e6
2.587077  1.e6
2.589965  1.e6
2.590188  1.e6
2.591519  1.e6
2.593307  1.e6
2.596751  1.e6
2.599109  1.e6
2.60018  1.e6
2.602645  1.e6
2.604199  1.e6
2.61448  1.e6
2.615951  1.e6
2.616737  1.e6
2.617989  1.e6
2.62147  1.e6
2.622145  1.e6
2.625515  1.e6
2.627701  1.e6
2.628313  1.e6
2.629645  1.e6
2.632993  1.e6
2.634302  1.e6
2.636037  1.e6
2.637184  1.e6
2.638105  1.e6
2.639019  1.e6
2.639198  1.e6
2.640232  1.e6
2.642191  1.e6
2.644187  1.e6
2.645007  1.e6
2.646312  1.e6
2.647412  1.e6
2.655731  1.e6
2.65751  1.e6
2.659845  1.e6
2.662045  1.e6
2.663199  1.e6
2.664206  1.e6
2.66509  1.e6
2.667744  1.e6
2.669312  1.e6
2.669553  1.e6
2.669589  1.e6
2.67086  1.e6
2.672188  1.e6
2.672401  1.e6
2.673502  1.e6
2.673529  1.e6
2.676006  1.e6
2.677903  1.e6
2.67893  1.e6
2.679116  1.e6
2.685954  1.e6
2.688408  1.e6
2.693215  1.e6
2.693828  1.e6
2.695294  1.e6
2.695384  1.e6
2.695979  1.e6
2.697195  1.e6
2.701028  1.e6
2.702885  1.e6
2.707751  1.e6
2.709228  1.e6
2.712525  1.e6
2.714339  1.e6
2.721719  1.e6
2.722221  1.e6
2.723548  1.e6
2.72519  1.e6
2.725967  1.e6
2.726821  1.e6
2.727024  1.e6
2.727223  1.e6
2.727951  1.e6
2.72799  1.e6
2.730331  1.e6
2.734174  1.e6
2.734542  1.e6
2.735467  1.e6
2.7394  1.e6
2.739517  1.e6
2.741282  1.e6
2.741308  1.e6
2.744089  1.e6
2.746524  1.e6
2.747402  1.e6
2.748793  1.e6
2.756568  1.e6
2.760656  1.e6
2.761075  1.e6
2.762004  1.e6
2.765195  1.e6
2.766664  1.e6
2.766958  1.e6
2.768963  1.e6
2.769092  1.e6
2.769329  1.e6
2.77104  1.e6
2.779735  1.e6
2.779977  1.e6
2.780509  1.e6
2.782562  1.e6
2.788272  1.e6
2.79501  1.e6
2.799735  1.e6
2.803112  1.e6
2.804468  1.e6
2.807624  1.e6
2.808408  1.e6
2.811078  1.e6
2.811614  1.e6
2.812511  1.e6
2.813352  1.e6
2.813807  1.e6
2.815762  1.e6
2.817303  1.e6
2.817734  1.e6
2.818005  1.e6
2.822285  1.e6
2.824706  1.e6
2.824763  1.e6
2.824811  1.e6
2.826029  1.e6
2.827937  1.e6
2.828133  1.e6
2.829426  1.e6
2.832516  1.e6
2.833177  1.e6
2.835762  1.e6
2.839156  1.e6
2.839219  1.e6
2.843002  1.e6
2.84859  1.e6
2.849122  1.e6
2.849674  1.e6
2.849719  1.e6
2.854103  1.e6
2.856533  1.e6
2.857716  1.e6
2.859103  1.e6
2.859767  1.e6
2.860264  1.e6
2.861164  1.e6
2.873575  1.e6
2.87462  1.e6
2.874746  1.e6
2.877848  1.e6
2.878466  1.e6
2.879047  1.e6
2.879657  1.e6
2.879814  1.e6
2.881446  1.e6
2.883262  1.e6
2.883446  1.e6
2.886024  1.e6
2.889919  1.e6
2.893032  1.e6
2.893609  1.e6
2.894473  1.e6
2.894704  1.e6
2.89471  1.e6
2.89475  1.e6
2.895691  1.e6
2.896554  1.e6
2.897637  1.e6
2.899356  1.e6
2.899668  1.e6
2.904326  1.e6
2.904376  1.e6
2.905309  1.e6
2.90981  1.e6
2.914674  1.e6
2.919537  1.e6
2.921115  1.e6
2.924086  1.e6
2.933734  1.e6
2.933809  1.e6
2.934796  1.e6
2.937269  1.e6
2.940084  1.e6
2.944258  1.e6
2.945856  1.e6
2.946359  1.e6
2.947079  1.e6
2.94764  1.e6
2.948724  1.e6
2.950362  1.e6
2.951427  1.e6
2.955935  1.e6
2.958694  1.e6
2.960784  1.e6
2.961945  1.e6
2.963778  1.e6
2.965091  1.e6
2.96697  1.e6
2.967098  1.e6
2.967558  1.e6
2.970812  1.e6
2.975634  1.e6
2.976071  1.e6
2.976104  1.e6
2.982769  1.e6
2.982934  1.e6
2.983422  1.e6
2.984147  1.e6
2.984384  1.e6
2.989912  1.e6
2.992734  1.e6
2.993555  1.e6
2.996477  1.e6
2.996611  1.e6
2.996637  1.e6
2.996679  1.e6
2.997432  1.e6
2.998331  1.e6
2.99921  1.e6
3.005905  1.e6
3.006026  1.e6
3.006739  1.e6
3.007133  1.e6
3.011796  1.e6
3.012179  1.e6
3.012261  1.e6
3.012895  1.e6
3.015674  1.e6
3.018464  1.e6
3.022398  1.e6
3.023158  1.e6
3.024196  1.e6
3.024198  1.e6
3.024676  1.e6
3.029112  1.e6
3.030363  1.e6
3.031056  1.e6
3.033191  1.e6
3.03392  1.e6
3.035313  1.e6
3.038357  1.e6
3.044798  1.e6
3.048181  1.e6
3.051217  1.e6
3.051798  1.e6
3.051833  1.e6
3.051984  1.e6
3.05461  1.e6
3.055737  1.e6
3.055857  1.e6
3.059242  1.e6
3.060251  1.e6
3.060843  1.e6
3.065338  1.e6
3.070541  1.e6
3.074229  1.e6
3.075498  1.e6
3.076191  1.e6
3.079892  1.e6
3.081459  1.e6
3.082006  1.e6
3.082455  1.e6
3.085746  1.e6
3.088042  1.e6
3.095098  1.e6
3.102315  1.e6
3.105778  1.e6
3.108033  1.e6
3.108792  1.e6
3.112324  1.e6
3.112558  1.e6
3.11427  1.e6
3.11463  1.e6
3.11658  1.e6
3.117033  1.e6
3.117832  1.e6
3.117862  1.e6
3.11866  1.e6
3.120283  1.e6
3.120645  1.e6
3.123736  1.e6
3.123946  1.e6
3.130179  1.e6
3.1321  1.e6
3.133207  1.e6
3.135435  1.e6
3.14566  1.e6
3.146552  1.e6
3.146583  1.e6
3.147361  1.e6
3.149316  1.e6
3.151158  1.e6
3.151659  1.e6
3.151788  1.e6
3.154981  1.e6
3.155808  1.e6
3.158768  1.e6
3.158989  1.e6
3.162254  1.e6
3.162678  1.e6
3.165343  1.e6
3.166042  1.e6
3.166395  1.e6
3.169843  1.e6
3.17335  1.e6
3.173358  1.e6
3.176517  1.e6
3.176914  1.e6
3.178998  1.e6
3.18098  1.e6
3.183768  1.e6
3.186063  1.e6
3.193624  1.e6
3.200432  1.e6
3.202178  1.e6
3.205975  1.e6
3.206189  1.e6
3.207135  1.e6
3.20731  1.e6
3.213486  1.e6
3.21443  1.e6
3.214673  1.e6
3.216179  1.e6
3.216292  1.e6
3.222982  1.e6
3.224007  1.e6
3.22457  1.e6
3.224644  1.e6
3.226225  1.e6
3.228004  1.e6
3.230306  1.e6
3.233262  1.e6
3.23464  1.e6
3.238116  1.e6
3.24118  1.e6
3.241725  1.e6
3.242544  1.e6
3.245319  1.e6
3.248294  1.e6
3.248546  1.e6
3.248888  1.e6
3.249122  1.e6
3.249525  1.e6
3.251056  1.e6
3.253054  1.e6
3.253298  1.e6
3.254951  1.e6
3.256259  1.e6
3.257032  1.e6
3.258682  1.e6
3.261439  1.e6
3.261908  1.e6
3.262169  1.e6
3.263205  1.e6
3.264711  1.e6
3.265612  1.e6
3.266904  1.e6
3.266915  1.e6
3.267736  1.e6
3.269345  1.e6
3.271199  1.e6
3.275718  1.e6
3.279199  1.e6
3.282189  1.e6
3.284235  1.e6
3.286701  1.e6
3.287119  1.e6
3.288275  1.e6
3.288593  1.e6
3.289233  1.e6
3.290412  1.e6
3.293098  1.e6
3.295825  1.e6
3.305319  1.e6
3.308065  1.e6
3.310153  1.e6
3.311307  1.e6
3.317032  1.e6
3.321886  1.e6
3.322067  1.e6
3.322326  1.e6
3.322793  1.e6
3.322971  1.e6
3.323849  1.e6
3.325802  1.e6
3.326882  1.e6
3.327301  1.e6
3.333574  1.e6
3.333672  1.e6
3.334229  1.e6
3.334554  1.e6
3.334905  1.e6
3.335117  1.e6
3.335126  1.e6
3.335973  1.e6
3.336835  1.e6
3.337981  1.e6
3.339863  1.e6
3.342716  1.e6
3.343189  1.e6
3.346144  1.e6
3.349018  1.e6
3.356215  1.e6
3.358123  1.e6
3.360908  1.e6
3.364373  1.e6
3.364402  1.e6
3.364566  1.e6
3.364885  1.e6
3.367221  1.e6
3.368288  1.e6
3.371127  1.e6
3.374628  1.e6
3.376043  1.e6
3.376476  1.e6
3.378436  1.e6
3.385252  1.e6
3.38543  1.e6
3.388525  1.e6
3.38987  1.e6
3.390376  1.e6
3.390905  1.e6
3.393693  1.e6
3.394637  1.e6
3.397834  1.e6
3.398769  1.e6
3.40249  1.e6
3.404722  1.e6
3.405193  1.e6
3.407003  1.e6
3.409631  1.e6
3.417973  1.e6
3.42161  1.e6
3.424647  1.e6
3.425933  1.e6
3.426856  1.e6
3.429858  1.e6
3.430876  1.e6
3.431496  1.e6
3.431902  1.e6
3.433898  1.e6
3.438687  1.e6
3.440212  1.e6
3.443274  1.e6
3.445064  1.e6
3.448304  1.e6
3.448918  1.e6
3.449425  1.e6
3.453818  1.e6
3.454961  1.e6
3.456644  1.e6
3.463342  1.e6
3.465338  1.e6
3.465793  1.e6
3.471986  1.e6
3.476166  1.e6
3.477336  1.e6
3.477874  1.e6
3.479941  1.e6
3.481425  1.e6
3.481986  1.e6
3.482868  1.e6
3.482934  1.e6
3.483528  1.e6
3.483589  1.e6
3.486882  1.e6
3.487826  1.e6
3.496918  1.e6
3.498874  1.e6
3.503906  1.e6
3.506449  1.e6
3.511692  1.e6
3.511745  1.e6
3.512776  1.e6
3.526297  1.e6
3.529453  1.e6
3.529663  1.e6
3.530664  1.e6
3.531439  1.e6
3.532419  1.e6
3.532485  1.e6
3.532899  1.e6
3.534021  1.e6
3.535114  1.e6
3.536405  1.e6
3.542213  1.e6
3.543604  1.e6
3.546156  1.e6
3.546526  1.e6
3.5484  1.e6
3.548884  1.e6
3.549926  1.e6
3.552627  1.e6
3.557131  1.e6
3.557797  1.e6
3.559451  1.e6
3.560743  1.e6
3.561006  1.e6
3.561697  1.e6
3.562257  1.e6
3.562989  1.e6
3.563861  1.e6
3.568192  1.e6
3.568965  1.e6
3.570482  1.e6
3.570827  1.e6
3.57139  1.e6
3.572962  1.e6
3.573304  1.e6
3.575863  1.e6
3.576435  1.e6
3.579039  1.e6
3.57996  1.e6
3.582636  1.e6
3.583101  1.e6
3.5835  1.e6
3.583832  1.e6
3.587575  1.e6
3.589561  1.e6
3.594344  1.e6
3.59512  1.e6
3.596474  1.e6
3.599917  1.e6
3.602268  1.e6
3.604874  1.e6
3.607999  1.e6
3.608357  1.e6
3.610826  1.e6
3.611032  1.e6
3.61131  1.e6
3.613838  1.e6
3.615632  1.e6
3.621133  1.e6
3.621358  1.e6
3.624015  1.e6
3.625945  1.e6
3.630714  1.e6
3.630794  1.e6
3.631989  1.e6
3.632255  1.e6
3.633664  1.e6
3.638563  1.e6
3.639529  1.e6
3.640529  1.e6
3.641212  1.e6
3.64279  1.e6
3.64449  1.e6
3.646263  1.e6
3.658089  1.e6
3.658109  1.e6
3.658373  1.e6
3.6595  1.e6
3.663165  1.e6
3.665614  1.e6
3.670172  1.e6
3.670523  1.e6
3.671073  1.e6
3.672004  1.e6
3.672173  1.e6
3.672915  1.e6
3.673929  1.e6
3.674765  1.e6
3.674792  1.e6
3.67628  1.e6
3.679024  1.e6
3.680425  1.e6
3.68077  1.e6
3.683773  1.e6
3.684099  1.e6
3.686117  1.e6
3.687584  1.e6
3.688137  1.e6
3.690602  1.e6
3.697036  1.e6
3.699799  1.e6
3.704581  1.e6
3.710421  1.e6
3.714005  1.e6
3.717945  1.e6
3.720268  1.e6
3.721358  1.e6
3.721984  1.e6
3.722227  1.e6
3.723253  1.e6
3.723571  1.e6
3.725307  1.e6
3.725505  1.e6
3.729609  1.e6
3.73005  1.e6
3.731291  1.e6
3.734857  1.e6
3.741057  1.e6
3.742161  1.e6
3.745339  1.e6
3.747522  1.e6
3.752175  1.e6
3.754466  1.e6
3.75855  1.e6
3.758909  1.e6
3.761565  1.e6
3.762045  1.e6
3.765103  1.e6
3.766566  1.e6
3.768017  1.e6
3.768461  1.e6
3.770324  1.e6
3.770765  1.e6
3.773176  1.e6
3.773683  1.e6
3.779473  1.e6
3.786275  1.e6
3.789539  1.e6
3.790784  1.e6
3.791287  1.e6
3.791883  1.e6
3.792596  1.e6
3.794507  1.e6
3.794964  1.e6
3.796017  1.e6
3.797399  1.e6
3.797662  1.e6
3.797834  1.e6
3.807585  1.e6
3.809998  1.e6
3.813872  1.e6
3.814021  1.e6
3.817618  1.e6
3.81968  1.e6
3.825819  1.e6
3.827972  1.e6
3.828224  1.e6
3.829634  1.e6
3.832193  1.e6
3.832454  1.e6
3.833319  1.e6
3.835162  1.e6
3.839163  1.e6
3.840049  1.e6
3.840599  1.e6
3.848304  1.e6
3.849514  1.e6
3.854331  1.e6
3.856423  1.e6
3.859442  1.e6
3.859694  1.e6
3.862524  1.e6
3.864192  1.e6
3.869178  1.e6
3.872707  1.e6
3.873459  1.e6
3.874337  1.e6
3.874605  1.e6
3.875475  1.e6
3.877952  1.e6
3.878187  1.e6
3.87964  1.e6
3.882228  1.e6
3.887586  1.e6
3.888541  1.e6
3.889727  1.e6
3.890997  1.e6
3.89387  1.e6
3.893908  1.e6
3.893913  1.e6
3.894933  1.e6
3.897122  1.e6
3.901  1.e6
3.902182  1.e6
3.904782  1.e6
3.906105  1.e6
3.90766  1.e6
3.908317  1.e6
3.909995  1.e6
3.910164  1.e6
3.911985  1.e6
3.914206  1.e6
3.917575  1.e6
3.921467  1.e6
3.925349  1.e6
3.931674  1.e6
3.936185  1.e6
3.93626  1.e6
3.936666  1.e6
3.939454  1.e6
3.939466  1.e6
3.942442  1.e6
3.943555  1.e6
3.947644  1.e6
3.948894  1.e6
3.948967  1.e6
3.952177  1.e6
3.955086  1.e6
3.957546  1.e6
3.957805  1.e6
3.957918  1.e6
3.958342  1.e6
3.95895  1.e6
3.95984  1.e6
3.961419  1.e6
3.9615  1.e6
3.970208  1.e6
3.97034  1.e6
3.971235  1.e6
3.975647  1.e6
3.975909  1.e6
3.97677  1.e6
3.976829  1.e6
3.979875  1.e6
3.980084  1.e6
3.982491  1.e6
3.98523  1.e6
3.99235  1.e6
3.993877  1.e6
3.99476  1.e6
3.99509  1.e6
3.997783  1.e6
4.000831  1.e6
4.005661  1.e6
4.008538  1.e6
4.01012  1.e6
4.010418  1.e6
4.01118  1.e6
4.012199  1.e6
4.014337  1.e6
4.017055  1.e6
4.017311  1.e6
4.020696  1.e6
4.02142  1.e6
4.022009  1.e6
4.029077  1.e6
4.029322  1.e6
4.035029  1.e6
4.037798  1.e6
4.039305  1.e6
4.043004  1.e6
4.044987  1.e6
4.047551  1.e6
4.05439  1.e6
4.057723  1.e6
4.059874  1.e6
4.060048  1.e6
4.060472  1.e6
4.060876  1.e6
4.061066  1.e6
4.069292  1.e6
4.071985  1.e6
4.072221  1.e6
4.077101  1.e6
4.078659  1.e6
4.078712  1.e6
4.080538  1.e6
4.086267  1.e6
4.086365  1.e6
4.08659  1.e6
4.087448  1.e6
4.089824  1.e6
4.092434  1.e6
4.093209  1.e6
4.093978  1.e6
4.094514  1.e6
4.096054  1.e6
4.096101  1.e6
4.097454  1.e6
4.097996  1.e6
4.098453  1.e6
4.099552  1.e6
4.102419  1.e6
4.102584  1.e6
4.106482  1.e6
4.106783  1.e6
4.10688  1.e6
4.108723  1.e6
4.111499  1.e6
4.11403  1.e6
4.118434  1.e6
4.118543  1.e6
4.118631  1.e6
4.120016  1.e6
4.120114  1.e6
4.126346  1.e6
4.127283  1.e6
4.127958  1.e6
4.129938  1.e6
4.135412  1.e6
4.135994  1.e6
4.139786  1.e6
4.140138  1.e6
4.142209  1.e6
4.148534  1.e6
4.148635  1.e6
4.148647  1.e6
4.149559  1.e6
4.1519  1.e6
4.152791  1.e6
4.153726  1.e6
4.158553  1.e6
4.158794  1.e6
4.15996  1.e6
4.160405  1.e6
4.160932  1.e6
4.162625  1.e6
4.166612  1.e6
4.167617  1.e6
4.168343  1.e6
4.173196  1.e6
4.175213  1.e6
4.177968  1.e6
4.180639  1.e6
4.18069  1.e6
4.182504  1.e6
4.183816  1.e6
4.187631  1.e6
4.189473  1.e6
4.193483  1.e6
4.195633  1.e6
4.19934  1.e6
4.200256  1.e6
4.200702  1.e6
4.201778  1.e6
4.202215  1.e6
4.202499  1.e6
4.206807  1.e6
4.207617  1.e6
4.208733  1.e6
4.211768  1.e6
4.21432  1.e6
4.214538  1.e6
4.215666  1.e6
4.216968  1.e6
4.218419  1.e6
4.219355  1.e6
4.219391  1.e6
4.223142  1.e6
4.225835  1.e6
4.226872  1.e6
4.228888  1.e6
4.232885  1.e6
4.232942  1.e6
4.23626  1.e6
4.237016  1.e6
4.239946  1.e6
4.243873  1.e6
4.243982  1.e6
4.244875  1.e6
4.247643  1.e6
4.250348  1.e6
4.254998  1.e6
4.256243  1.e6
4.257013  1.e6
4.258762  1.e6
4.261731  1.e6
4.265292  1.e6
4.271607  1.e6
4.27282  1.e6
4.276341  1.e6
4.277575  1.e6
4.278414  1.e6
4.281837  1.e6
4.284004  1.e6
4.285005  1.e6
4.285806  1.e6
4.288384  1.e6
4.288903  1.e6
4.291118  1.e6
4.293225  1.e6
4.295893  1.e6
4.29631  1.e6
4.296337  1.e6
4.297372  1.e6
4.297616  1.e6
4.299453  1.e6
4.303475  1.e6
4.303963  1.e6
4.306457  1.e6
4.307134  1.e6
4.314793  1.e6
4.315663  1.e6
4.317595  1.e6
4.322872  1.e6
4.324209  1.e6
4.325229  1.e6
4.325571  1.e6
4.325598  1.e6
4.327968  1.e6
4.328481  1.e6
4.332058  1.e6
4.339182  1.e6
4.341182  1.e6
4.343287  1.e6
4.349944  1.e6
4.350611  1.e6
4.350795  1.e6
4.353969  1.e6
4.355312  1.e6
4.356119  1.e6
4.360104  1.e6
4.362219  1.e6
4.372041  1.e6
4.372475  1.e6
4.374003  1.e6
4.375882  1.e6
4.376679  1.e6
4.377158  1.e6
4.378173  1.e6
4.379973  1.e6
4.38482  1.e6
4.386819  1.e6
4.387199  1.e6
4.388349  1.e6
4.391122  1.e6
4.392151  1.e6
4.393639  1.e6
4.397052  1.e6
4.39989  1.e6
4.400359  1.e6
4.402173  1.e6
4.402295  1.e6
4.406947  1.e6
4.408554  1.e6
4.409245  1.e6
4.417191  1.e6
4.417539  1.e6
4.419782  1.e6
4.422114  1.e6
4.424704  1.e6
4.425478  1.e6
4.42602  1.e6
4.429386  1.e6
4.436512  1.e6
4.436614  1.e6
4.436891  1.e6
4.440259  1.e6
4.443471  1.e6
4.446748  1.e6
4.448237  1.e6
4.451162  1.e6
4.456321  1.e6
4.45724  1.e6
4.464015  1.e6
4.464403  1.e6
4.467606  1.e6
4.47037  1.e6
4.472137  1.e6
4.478935  1.e6
4.48084  1.e6
4.481189  1.e6
4.482799  1.e6
4.485147  1.e6
4.485169  1.e6
4.486221  1.e6
4.491886  1.e6
4.492481  1.e6
4.492943  1.e6
4.493797  1.e6
4.494089  1.e6
4.497384  1.e6
4.50013  1.e6
4.501232  1.e6
4.506059  1.e6
4.509464  1.e6
4.511131  1.e6
4.513702  1.e6
4.516528  1.e6
4.519477  1.e6
4.529304  1.e6
4.530524  1.e6
4.530783  1.e6
4.531352  1.e6
4.534982  1.e6
4.536378  1.e6
4.541931  1.e6
4.542678  1.e6
4.5427  1.e6
4.542776  1.e6
4.549673  1.e6
4.552263  1.e6
4.554588  1.e6
4.555112  1.e6
4.557454  1.e6
4.5586  1.e6
4.558701  1.e6
4.559027  1.e6
4.559179  1.e6
4.566804  1.e6
4.570729  1.e6
4.57286  1.e6
4.573397  1.e6
4.574558  1.e6
4.575043  1.e6
4.575893  1.e6
4.577102  1.e6
4.580552  1.e6
4.580739  1.e6
4.581077  1.e6
4.586515  1.e6
4.587814  1.e6
4.587931  1.e6
4.5922  1.e6
4.594218  1.e6
4.597051  1.e6
4.600987  1.e6
4.604128  1.e6
4.608695  1.e6
4.608724  1.e6
4.613525  1.e6
4.617538  1.e6
4.621027  1.e6
4.622102  1.e6
4.624171  1.e6
4.627178  1.e6
4.628507  1.e6
4.629881  1.e6
4.631194  1.e6
4.632059  1.e6
4.635284  1.e6
4.637539  1.e6
4.637954  1.e6
4.640467  1.e6
4.641597  1.e6
4.644872  1.e6
4.649343  1.e6
4.649725  1.e6
4.650422  1.e6
4.650539  1.e6
4.663889  1.e6
4.66744  1.e6
4.671655  1.e6
4.673817  1.e6
4.674334  1.e6
4.675905  1.e6
4.679066  1.e6
4.681293  1.e6
4.68252  1.e6
4.683508  1.e6
4.683732  1.e6
4.685663  1.e6
4.686816  1.e6
4.688639  1.e6
4.69039  1.e6
4.693597  1.e6
4.69472  1.e6
4.696323  1.e6
4.702014  1.e6
4.702204  1.e6
4.702884  1.e6
4.702994  1.e6
4.703611  1.e6
4.70398  1.e6
4.705162  1.e6
4.708413  1.e6
4.718243  1.e6
4.718421  1.e6
4.718529  1.e6
4.720343  1.e6
4.720872  1.e6
4.722827  1.e6
4.727967  1.e6
4.734754  1.e6
4.734773  1.e6
4.737107  1.e6
4.738472  1.e6
4.740172  1.e6
4.744591  1.e6
4.747829  1.e6
4.74884  1.e6
4.752096  1.e6
4.753108  1.e6
4.754865  1.e6
4.755633  1.e6
4.756952  1.e6
4.763007  1.e6
4.76488  1.e6
4.767602  1.e6
4.768644  1.e6
4.770234  1.e6
4.774622  1.e6
4.776044  1.e6
4.776162  1.e6
4.776912  1.e6
4.778411  1.e6
4.784111  1.e6
4.787058  1.e6
4.793253  1.e6
4.795137  1.e6
4.795706  1.e6
4.799002  1.e6
4.801986  1.e6
4.803134  1.e6
4.805729  1.e6
4.808637  1.e6
4.81325  1.e6
4.815149  1.e6
4.81812  1.e6
4.821595  1.e6
4.822403  1.e6
4.825714  1.e6
4.829079  1.e6
4.829783  1.e6
4.832913  1.e6
4.833085  1.e6
4.840938  1.e6
4.841575  1.e6
4.84257  1.e6
4.842661  1.e6
4.843177  1.e6
4.846249  1.e6
4.847404  1.e6
4.853215  1.e6
4.853325  1.e6
4.85345  1.e6
4.85374  1.e6
4.854691  1.e6
4.855259  1.e6
4.85601  1.e6
4.856815  1.e6
4.857638  1.e6
4.858514  1.e6
4.8603  1.e6
4.861966  1.e6
4.862735  1.e6
4.864294  1.e6
4.868064  1.e6
4.869362  1.e6
4.872232  1.e6
4.876952  1.e6
4.887059  1.e6
4.89176  1.e6
4.894637  1.e6
4.895307  1.e6
4.895559  1.e6
4.896469  1.e6
4.898386  1.e6
4.898424  1.e6
4.899492  1.e6
4.90149  1.e6
4.901495  1.e6
4.903212  1.e6
4.907401  1.e6
4.909974  1.e6
4.910106  1.e6
4.911991  1.e6
4.912227  1.e6
4.913381  1.e6
4.916757  1.e6
4.917955  1.e6
4.919789  1.e6
4.926471  1.e6
4.931635  1.e6
4.937529  1.e6
4.938412  1.e6
4.939073  1.e6
4.941015  1.e6
4.943169  1.e6
4.945347  1.e6
4.94556  1.e6
4.946776  1.e6
4.948016  1.e6
4.950813  1.e6
4.951998  1.e6
4.953571  1.e6
4.954543  1.e6
4.956567  1.e6
4.957654  1.e6
4.957953  1.e6
4.958864  1.e6
4.963333  1.e6
4.964881  1.e6
4.965361  1.e6
4.971217  1.e6
4.977871  1.e6
4.979165  1.e6
4.981605  1.e6
4.981831  1.e6
4.986563  1.e6
4.987732  1.e6
4.990583  1.e6
4.993018  1.e6
4.99751  1.e6
4.997617  1.e6
4.99843  1.e6
4.998848  1.e6
4.998848  1.e6
4.998971  1.e6
4.999181  1.e6
5.002091  1.e6
5.002278  1.e6
5.004099  1.e6
5.006781  1.e6
5.007087  1.e6
5.00879  1.e6
5.013688  1.e6
5.014414  1.e6
5.015934  1.e6
5.016027  1.e6
5.016452  1.e6
5.017015  1.e6
5.017142  1.e6
5.0213  1.e6
5.02203  1.e6
5.026807  1.e6
5.026919  1.e6
5.028072  1.e6
5.02921  1.e6
5.029717  1.e6
5.032826  1.e6
5.033769  1.e6
5.036164  1.e6
5.038834  1.e6
5.0446  1.e6
5.044622  1.e6
5.044923  1.e6
5.047286  1.e6
5.047428  1.e6
5.047934  1.e6
5.049132  1.e6
5.050133  1.e6
5.050308  1.e6
5.055789  1.e6
5.057401  1.e6
5.05959  1.e6
5.06057  1.e6
5.062973  1.e6
5.069319  1.e6
5.069361  1.e6
5.070226  1.e6
5.0716  1.e6
5.073336  1.e6
5.085379  1.e6
5.085554  1.e6
5.086599  1.e6
5.087086  1.e6
5.087137  1.e6
5.090194  1.e6
5.090282  1.e6
5.090346  1.e6
5.09043  1.e6
5.092086  1.e6
5.092153  1.e6
5.094018  1.e6
5.094266  1.e6
5.0959  1.e6
5.099534  1.e6
5.100611  1.e6
5.103841  1.e6
5.104488  1.e6
5.105059  1.e6
5.105833  1.e6
5.106056  1.e6
5.106445  1.e6
5.10646  1.e6
5.108328  1.e6
5.108383  1.e6
5.108416  1.e6
5.109093  1.e6
5.110102  1.e6
5.11109  1.e6
5.116357  1.e6
5.117329  1.e6
5.120357  1.e6
5.121152  1.e6
5.123659  1.e6
5.127099  1.e6
5.127301  1.e6
5.128365  1.e6
5.128837  1.e6
5.129898  1.e6
5.130502  1.e6
5.136974  1.e6
5.138193  1.e6
5.142409  1.e6
5.142789  1.e6
5.142796  1.e6
5.143094  1.e6
5.147154  1.e6
5.153514  1.e6
5.156176  1.e6
5.157524  1.e6
5.158264  1.e6
5.161797  1.e6
5.162743  1.e6
5.164626  1.e6
5.166299  1.e6
5.16955  1.e6
5.171358  1.e6
5.171488  1.e6
5.177708  1.e6
5.17852  1.e6
5.182214  1.e6
5.185009  1.e6
5.186024  1.e6
5.190918  1.e6
5.192275  1.e6
5.192312  1.e6
5.193872  1.e6
5.195856  1.e6
5.197038  1.e6
5.198154  1.e6
5.200903  1.e6
5.201272  1.e6
5.203236  1.e6
5.203724  1.e6
5.207515  1.e6
5.207641  1.e6
5.208791  1.e6
5.209032  1.e6
5.209391  1.e6
5.216268  1.e6
5.224535  1.e6
5.230467  1.e6
5.230749  1.e6
5.234147  1.e6
5.234902  1.e6
5.236896  1.e6
5.240727  1.e6
5.243407  1.e6
5.247053  1.e6
5.247198  1.e6
5.248541  1.e6
5.258015  1.e6
5.259318  1.e6
5.259979  1.e6
5.260645  1.e6
5.2612  1.e6
5.2654  1.e6
5.266404  1.e6
5.26884  1.e6
5.269538  1.e6
5.27558  1.e6
5.275942  1.e6
5.2765  1.e6
5.282686  1.e6
5.284332  1.e6
5.290614  1.e6
5.293419  1.e6
5.301963  1.e6
5.306215  1.e6
5.306753  1.e6
5.310145  1.e6
5.310169  1.e6
5.312725  1.e6
5.320816  1.e6
5.322664  1.e6
5.325127  1.e6
5.32628  1.e6
5.327117  1.e6
5.327443  1.e6
5.331194  1.e6
5.333073  1.e6
5.334537  1.e6
5.336808  1.e6
5.337863  1.e6
5.3404  1.e6
5.34117  1.e6
5.341246  1.e6
5.341641  1.e6
5.343048  1.e6
5.343684  1.e6
5.347894  1.e6
5.34979  1.e6
5.350895  1.e6
5.350931  1.e6
5.351707  1.e6
5.352996  1.e6
5.353015  1.e6
5.353051  1.e6
5.355189  1.e6
5.355885  1.e6
5.356697  1.e6
5.358032  1.e6
5.358139  1.e6
5.362101  1.e6
5.367282  1.e6
5.367613  1.e6
5.370401  1.e6
5.371502  1.e6
5.371626  1.e6
5.37443  1.e6
5.374575  1.e6
5.376131  1.e6
5.376901  1.e6
5.377342  1.e6
5.381087  1.e6
5.381191  1.e6
5.386599  1.e6
5.389063  1.e6
5.389475  1.e6
5.39277  1.e6
5.398717  1.e6
5.400496  1.e6
5.400503  1.e6
5.401542  1.e6
5.402241  1.e6
5.402899  1.e6
5.403111  1.e6
5.403865  1.e6
5.405732  1.e6
5.406022  1.e6
5.407684  1.e6
5.409488  1.e6
5.409836  1.e6
5.412733  1.e6
5.413016  1.e6
5.415356  1.e6
5.416363  1.e6
5.416836  1.e6
5.417695  1.e6
5.417999  1.e6
5.418335  1.e6
5.419327  1.e6
5.419593  1.e6
5.419813  1.e6
5.422408  1.e6
5.425067  1.e6
5.426653  1.e6
5.429995  1.e6
5.430178  1.e6
5.433369  1.e6
5.434878  1.e6
5.44004  1.e6
5.442981  1.e6
5.448762  1.e6
5.449399  1.e6
5.450797  1.e6
5.452344  1.e6
5.452522  1.e6
5.453257  1.e6
5.454313  1.e6
5.45635  1.e6
5.468142  1.e6
5.469688  1.e6
5.475478  1.e6
5.476092  1.e6
5.478283  1.e6
5.478958  1.e6
5.480495  1.e6
5.481925  1.e6
5.487121  1.e6
5.487917  1.e6
5.491717  1.e6
5.492402  1.e6
5.494022  1.e6
5.495739  1.e6
5.496396  1.e6
5.496521  1.e6
5.506903  1.e6
5.510092  1.e6
5.510814  1.e6
5.511413  1.e6
5.512329  1.e6
5.517056  1.e6
5.517906  1.e6
5.518504  1.e6
5.520762  1.e6
5.525936  1.e6
5.526078  1.e6
5.530977  1.e6
5.532399  1.e6
5.533069  1.e6
5.534072  1.e6
5.53652  1.e6
5.537051  1.e6
5.538551  1.e6
5.540245  1.e6
5.544111  1.e6
5.544673  1.e6
5.546802  1.e6
5.549842  1.e6
5.55183  1.e6
5.553543  1.e6
5.556221  1.e6
5.560928  1.e6
5.562564  1.e6
5.566675  1.e6
5.567259  1.e6
5.571472  1.e6
5.571641  1.e6
5.571823  1.e6
5.573037  1.e6
5.573662  1.e6
5.575981  1.e6
5.576901  1.e6
5.578398  1.e6
5.579361  1.e6
5.580335  1.e6
5.582481  1.e6
5.583691  1.e6
5.584305  1.e6
5.585182  1.e6
5.592539  1.e6
5.593357  1.e6
5.594509  1.e6
5.595046  1.e6
5.595466  1.e6
5.597759  1.e6
5.597811  1.e6
5.598003  1.e6
5.600587  1.e6
5.601419  1.e6
5.608406  1.e6
5.610634  1.e6
5.613174  1.e6
5.613476  1.e6
5.615123  1.e6
5.617565  1.e6
5.618441  1.e6
5.621888  1.e6
5.622634  1.e6
5.62268  1.e6
5.624253  1.e6
5.627964  1.e6
5.628201  1.e6
5.631393  1.e6
5.633706  1.e6
5.635273  1.e6
5.635645  1.e6
5.635804  1.e6
5.636053  1.e6
5.63651  1.e6
5.636613  1.e6
5.639224  1.e6
5.640702  1.e6
5.640939  1.e6
5.641578  1.e6
5.65078  1.e6
5.651456  1.e6
5.654528  1.e6
5.654941  1.e6
5.656665  1.e6
5.659709  1.e6
5.667267  1.e6
5.670947  1.e6
5.671339  1.e6
5.671841  1.e6
5.672548  1.e6
5.680085  1.e6
5.680615  1.e6
5.683386  1.e6
5.684419  1.e6
5.685837  1.e6
5.686243  1.e6
5.687902  1.e6
5.688145  1.e6
5.690342  1.e6
5.690522  1.e6
5.692075  1.e6
5.692515  1.e6
5.696233  1.e6
5.697701  1.e6
5.702759  1.e6
5.70335  1.e6
5.703967  1.e6
5.704832  1.e6
5.705727  1.e6
5.705918  1.e6
5.706299  1.e6
5.707483  1.e6
5.708435  1.e6
5.709715  1.e6
5.71155  1.e6
5.714265  1.e6
5.714851  1.e6
5.717888  1.e6
5.719533  1.e6
5.720152  1.e6
5.728209  1.e6
5.730185  1.e6
5.730953  1.e6
5.732431  1.e6
5.738119  1.e6
5.738928  1.e6
5.739214  1.e6
5.740188  1.e6
5.740901  1.e6
5.740988  1.e6
5.747795  1.e6
5.748715  1.e6
5.7534  1.e6
5.753857  1.e6
5.75555  1.e6
5.760456  1.e6
5.760607  1.e6
5.760613  1.e6
5.765591  1.e6
5.76709  1.e6
5.768249  1.e6
5.769294  1.e6
5.77019  1.e6
5.770834  1.e6
5.772113  1.e6
5.778399  1.e6
5.786311  1.e6
5.787681  1.e6
5.791641  1.e6
5.791694  1.e6
5.792428  1.e6
5.792737  1.e6
5.800819  1.e6
5.809449  1.e6
5.812468  1.e6
5.827046  1.e6
5.830666  1.e6
5.837578  1.e6
5.838974  1.e6
5.840784  1.e6
5.8457  1.e6
5.84634  1.e6
5.8471  1.e6
5.852096  1.e6
5.856402  1.e6
5.860744  1.e6
5.862351  1.e6
5.863053  1.e6
5.864322  1.e6
5.868501  1.e6
5.868859  1.e6
5.869041  1.e6
5.871005  1.e6
5.872441  1.e6
5.873196  1.e6
5.874553  1.e6
5.879898  1.e6
5.883566  1.e6
5.884053  1.e6
5.888641  1.e6
5.889513  1.e6
5.889711  1.e6
5.892787  1.e6
5.894951  1.e6
5.899991  1.e6
5.901916  1.e6
5.902275  1.e6
5.906259  1.e6
5.907228  1.e6
5.907257  1.e6
5.908158  1.e6
5.908326  1.e6
5.910309  1.e6
5.910377  1.e6
5.918964  1.e6
5.920372  1.e6
5.924832  1.e6
5.925481  1.e6
5.926211  1.e6
5.931417  1.e6
5.932661  1.e6
5.932801  1.e6
5.933745  1.e6
5.936298  1.e6
5.937987  1.e6
5.939423  1.e6
5.940448  1.e6
5.940658  1.e6
5.941819  1.e6
5.942908  1.e6
5.943077  1.e6
5.943785  1.e6
5.94466  1.e6
5.945124  1.e6
5.947204  1.e6
5.947715  1.e6
5.948143  1.e6
5.94992  1.e6
5.954656  1.e6
5.957718  1.e6
5.958919  1.e6
5.959967  1.e6
5.963169  1.e6
5.963184  1.e6
5.964138  1.e6
5.964538  1.e6
5.967277  1.e6
5.970554  1.e6
5.973964  1.e6
5.97543  1.e6
5.97785  1.e6
5.978608  1.e6
5.979254  1.e6
5.981994  1.e6
5.997135  1.e6
6.002653  1.e6
6.010756  1.e6
6.011593  1.e6
6.012172  1.e6
6.012364  1.e6
6.022866  1.e6
6.023396  1.e6
6.024827  1.e6
6.025402  1.e6
6.026515  1.e6
6.033888  1.e6
6.036394  1.e6
6.045538  1.e6
6.047467  1.e6
6.050322  1.e6
6.05102  1.e6
6.05523  1.e6
6.055489  1.e6
6.056864  1.e6
6.057443  1.e6
6.060604  1.e6
6.067945  1.e6
6.071523  1.e6
6.072734  1.e6
6.078416  1.e6
6.080663  1.e6
6.080741  1.e6
6.08092  1.e6
6.08301  1.e6
6.084721  1.e6
6.085498  1.e6
6.089603  1.e6
6.090339  1.e6
6.0908  1.e6
6.091028  1.e6
6.091191  1.e6
6.095283  1.e6
6.096836  1.e6
6.107926  1.e6
6.110837  1.e6
6.111821  1.e6
6.11198  1.e6
6.113042  1.e6
6.118214  1.e6
6.122845  1.e6
6.123141  1.e6
6.124111  1.e6
6.124247  1.e6
6.124949  1.e6
6.125368  1.e6
6.129527  1.e6
6.132301  1.e6
6.13259  1.e6
6.132763  1.e6
6.135553  1.e6
6.136642  1.e6
6.141278  1.e6
6.143011  1.e6
6.143458  1.e6
6.143738  1.e6
6.149061  1.e6
6.150057  1.e6
6.150589  1.e6
6.151378  1.e6
6.151446  1.e6
6.156581  1.e6
6.160827  1.e6
6.165166  1.e6
6.172153  1.e6
6.176262  1.e6
6.176899  1.e6
6.177848  1.e6
6.177945  1.e6
6.178683  1.e6
6.178873  1.e6
6.179123  1.e6
6.180713  1.e6
6.183391  1.e6
6.183742  1.e6
6.184142  1.e6
6.185226  1.e6
6.19122  1.e6
6.192658  1.e6
6.193031  1.e6
6.195556  1.e6
6.199148  1.e6
6.204812  1.e6
6.205186  1.e6
6.208518  1.e6
6.208643  1.e6
6.216687  1.e6
6.22398  1.e6
6.224247  1.e6
6.226805  1.e6
6.227315  1.e6
6.22798  1.e6
6.232767  1.e6
6.236921  1.e6
6.237779  1.e6
6.237976  1.e6
6.238078  1.e6
6.239628  1.e6
6.240596  1.e6
6.240823  1.e6
6.241027  1.e6
6.242301  1.e6
6.248131  1.e6
6.25368  1.e6
6.258323  1.e6
6.259181  1.e6
6.25969  1.e6
6.260516  1.e6
6.270827  1.e6
6.271316  1.e6
6.273166  1.e6
6.273633  1.e6
6.273995  1.e6
6.278964  1.e6
6.281733  1.e6
6.285477  1.e6
6.286529  1.e6
6.293132  1.e6
6.295583  1.e6
6.29759  1.e6
6.298657  1.e6
6.302241  1.e6
6.302992  1.e6
6.306435  1.e6
6.308011  1.e6
6.30974  1.e6
6.312723  1.e6
6.313095  1.e6
6.313576  1.e6
6.314433  1.e6
6.315512  1.e6
6.315871  1.e6
6.318474  1.e6
6.319576  1.e6
6.320384  1.e6
6.320764  1.e6
6.325917  1.e6
6.329718  1.e6
6.330588  1.e6
6.340047  1.e6
6.340189  1.e6
6.345362  1.e6
6.34583  1.e6
6.350635  1.e6
6.35349  1.e6
6.35668  1.e6
6.362493  1.e6
6.36375  1.e6
6.36442  1.e6
6.36609  1.e6
6.368729  1.e6
6.369042  1.e6
6.369973  1.e6
6.379308  1.e6
6.37981  1.e6
6.387293  1.e6
6.389352  1.e6
6.393853  1.e6
6.394734  1.e6
6.395718  1.e6
6.39976  1.e6
6.400376  1.e6
6.400433  1.e6
6.404908  1.e6
6.405555  1.e6
6.406359  1.e6
6.408774  1.e6
6.410511  1.e6
6.415055  1.e6
6.415536  1.e6
6.416228  1.e6
6.417953  1.e6
6.419096  1.e6
6.425308  1.e6
6.428117  1.e6
6.432903  1.e6
6.434433  1.e6
6.440515  1.e6
6.440611  1.e6
6.444565  1.e6
6.445677  1.e6
6.446497  1.e6
6.44685  1.e6
6.447928  1.e6
6.452091  1.e6
6.452315  1.e6
6.463291  1.e6
6.465586  1.e6
6.465795  1.e6
6.475092  1.e6
6.486089  1.e6
6.488185  1.e6
6.490515  1.e6
6.491107  1.e6
6.505441  1.e6
6.508383  1.e6
6.51155  1.e6
6.513327  1.e6
6.514244  1.e6
6.515681  1.e6
6.517951  1.e6
6.518033  1.e6
6.522424  1.e6
6.522761  1.e6
6.52561  1.e6
6.526791  1.e6
6.526932  1.e6
6.531536  1.e6
6.536195  1.e6
6.536316  1.e6
6.536477  1.e6
6.537164  1.e6
6.538111  1.e6
6.539511  1.e6
6.539601  1.e6
6.539638  1.e6
6.540238  1.e6
6.540754  1.e6
6.541732  1.e6
6.543157  1.e6
6.543594  1.e6
6.547428  1.e6
6.550469  1.e6
6.55058  1.e6
6.551764  1.e6
6.553015  1.e6
6.555774  1.e6
6.557979  1.e6
6.560448  1.e6
6.560731  1.e6
6.567983  1.e6
6.569499  1.e6
6.574008  1.e6
6.577084  1.e6
6.578837  1.e6
6.579424  1.e6
6.581779  1.e6
6.587182  1.e6
6.588054  1.e6
6.590428  1.e6
6.591453  1.e6
6.594279  1.e6
6.59609  1.e6
6.596624  1.e6
6.597578  1.e6
6.598309  1.e6
6.604535  1.e6
6.60523  1.e6
6.605993  1.e6
6.606739  1.e6
6.607465  1.e6
6.608456  1.e6
6.608623  1.e6
6.613221  1.e6
6.619846  1.e6
6.62099  1.e6
6.622545  1.e6
6.623586  1.e6
6.628095  1.e6
6.630961  1.e6
6.639748  1.e6
6.640448  1.e6
6.64166  1.e6
6.642169  1.e6
6.643837  1.e6
6.645794  1.e6
6.648322  1.e6
6.648338  1.e6
6.652911  1.e6
6.653381  1.e6
6.65674  1.e6
6.661696  1.e6
6.66308  1.e6
6.664997  1.e6
6.665446  1.e6
6.66951  1.e6
6.670057  1.e6
6.671418  1.e6
6.671519  1.e6
6.673086  1.e6
6.674946  1.e6
6.676604  1.e6
6.677408  1.e6
6.682894  1.e6
6.689696  1.e6
6.690608  1.e6
6.692204  1.e6
6.694971  1.e6
6.696563  1.e6
6.697679  1.e6
6.705408  1.e6
6.709879  1.e6
6.714152  1.e6
6.714212  1.e6
6.71489  1.e6
6.718252  1.e6
6.719353  1.e6
6.720312  1.e6
6.720592  1.e6
6.721524  1.e6
6.723684  1.e6
6.723945  1.e6
6.725721  1.e6
6.725791  1.e6
6.728555  1.e6
6.729786  1.e6
6.730184  1.e6
6.731615  1.e6
6.731707  1.e6
6.731947  1.e6
6.732302  1.e6
6.732477  1.e6
6.732688  1.e6
6.732903  1.e6
6.734626  1.e6
6.736244  1.e6
6.741639  1.e6
6.742211  1.e6
6.74244  1.e6
6.742606  1.e6
6.74584  1.e6
6.745886  1.e6
6.746044  1.e6
6.751548  1.e6
6.753342  1.e6
6.75392  1.e6
6.75753  1.e6
6.759655  1.e6
6.759835  1.e6
6.760565  1.e6
6.763229  1.e6
6.765609  1.e6
6.772024  1.e6
6.772727  1.e6
6.773459  1.e6
6.775949  1.e6
6.77869  1.e6
6.781036  1.e6
6.781444  1.e6
6.784855  1.e6
6.785033  1.e6
6.785366  1.e6
6.785378  1.e6
6.790813  1.e6
6.790851  1.e6
6.792156  1.e6
6.795688  1.e6
6.79851  1.e6
6.801251  1.e6
6.802457  1.e6
6.810044  1.e6
6.813429  1.e6
6.815789  1.e6
6.818631  1.e6
6.821453  1.e6
6.822834  1.e6
6.826583  1.e6
6.826933  1.e6
6.827682  1.e6
6.829285  1.e6
6.829801  1.e6
6.830058  1.e6
6.833805  1.e6
6.834153  1.e6
6.836085  1.e6
6.840012  1.e6
6.840264  1.e6
6.84813  1.e6
6.849164  1.e6
6.849476  1.e6
6.852743  1.e6
6.854686  1.e6
6.854687  1.e6
6.854717  1.e6
6.85475  1.e6
6.855894  1.e6
6.857093  1.e6
6.857255  1.e6
6.857333  1.e6
6.858365  1.e6
6.859757  1.e6
6.861925  1.e6
6.862453  1.e6
6.866865  1.e6
6.867029  1.e6
6.871101  1.e6
6.872314  1.e6
6.877025  1.e6
6.877039  1.e6
6.880238  1.e6
6.884681  1.e6
6.886336  1.e6
6.886391  1.e6
6.886539  1.e6
6.886553  1.e6
6.888671  1.e6
6.888926  1.e6
6.891831  1.e6
6.896923  1.e6
6.898192  1.e6
6.899457  1.e6
6.899467  1.e6
6.900714  1.e6
6.904219  1.e6
6.906092  1.e6
6.906117  1.e6
6.90624  1.e6
6.906466  1.e6
6.906564  1.e6
6.907657  1.e6
6.917428  1.e6
6.917513  1.e6
6.919766  1.e6
6.920158  1.e6
6.926396  1.e6
6.928993  1.e6
6.930177  1.e6
6.931418  1.e6
6.934466  1.e6
6.934921  1.e6
6.942191  1.e6
6.942802  1.e6
6.946404  1.e6
6.950408  1.e6
6.951011  1.e6
6.954138  1.e6
6.954543  1.e6
6.955554  1.e6
6.961155  1.e6
6.962686  1.e6
6.963597  1.e6
6.96425  1.e6
6.967003  1.e6
6.972481  1.e6
6.973202  1.e6
6.975293  1.e6
6.980398  1.e6
6.981121  1.e6
6.984875  1.e6
6.985219  1.e6
6.987161  1.e6
6.990896  1.e6
6.995434  1.e6
6.996821  1.e6
6.999268  1.e6