0.904129  1.e6
0.9042782  1.e6
0.9043784  1.e6
0.9044459  1.e6
0.9046792  1.e6
0.9048484  1.e6
0.9100346  1.e6
0.9136931  1.e6
0.9145881  1.e6
0.9171684  1.e6
0.9189106  1.e6
0.9201846  1.e6
0.9208092  1.e6
0.9216326  1.e6
0.9216818  1.e6
0.922519  1.e6
0.9228922  1.e6
0.9261713  1.e6
0.9305076  1.e6
0.9358009  1.e6
0.9372615  1.e6
0.9380165  1.e6
0.9384716  1.e6
0.9417061  1.e6
0.9417411  1.e6
0.942511  1.e6
0.9428791  1.e6
0.9473596  1.e6
0.9477152  1.e6
0.9536386  1.e6
0.9564075  1.e6
0.9567445  1.e6
0.9615427  1.e6
0.9657495  1.e6
0.9665415  1.e6
0.9666494  1.e6
0.9671718  1.e6
0.967871  1.e6
0.9690524  1.e6
0.9723226  1.e6
0.973225  1.e6
0.9781485  1.e6
0.9781925  1.e6
0.981303  1.e6
0.9831112  1.e6
0.9864897  1.e6
0.9876011  1.e6
0.9886869  1.e6
0.9915812  1.e6
0.9940815  1.e6
0.9982069  1.e6
0.9983997  1.e6
0.9996111  1.e6
1.002727  1.e6
1.005833  1.e6
1.006023  1.e6
1.008475  1.e6
1.009665  1.e6
1.010782  1.e6
1.012778  1.e6
1.015098  1.e6
1.021226  1.e6
1.027177  1.e6
1.027963  1.e6
1.028015  1.e6
1.028238  1.e6
1.029485  1.e6
1.03175  1.e6
1.034384  1.e6
1.037818  1.e6
1.039596  1.e6
1.043935  1.e6
1.044116  1.e6
1.04461  1.e6
1.045468  1.e6
1.046153  1.e6
1.047355  1.e6
1.047934  1.e6
1.047987  1.e6
1.050309  1.e6
1.055573  1.e6
1.057941  1.e6
1.058929  1.e6
1.062048  1.e6
1.063298  1.e6
1.06482  1.e6
1.068478  1.e6
1.068559  1.e6
1.068934  1.e6
1.069289  1.e6
1.070562  1.e6
1.071335  1.e6
1.073224  1.e6
1.075768  1.e6
1.080567  1.e6
1.082432  1.e6
1.083489  1.e6
1.091943  1.e6
1.100668  1.e6
1.101925  1.e6
1.104084  1.e6
1.109068  1.e6
1.118259  1.e6
1.119858  1.e6
1.123484  1.e6
1.124222  1.e6
1.124791  1.e6
1.128321  1.e6
1.130304  1.e6
1.131475  1.e6
1.131801  1.e6
1.131915  1.e6
1.132904  1.e6
1.133204  1.e6
1.139846  1.e6
1.140775  1.e6
1.140923  1.e6
1.143184  1.e6
1.144493  1.e6
1.145112  1.e6
1.145484  1.e6
1.148982  1.e6
1.154137  1.e6
1.15593  1.e6
1.156395  1.e6
1.164846  1.e6
1.166443  1.e6
1.167132  1.e6
1.169936  1.e6
1.173744  1.e6
1.175061  1.e6
1.175085  1.e6
1.17649  1.e6
1.177823  1.e6
1.182687  1.e6
1.186383  1.e6
1.186417  1.e6
1.18672  1.e6
1.187911  1.e6
1.190059  1.e6
1.193042  1.e6
1.193505  1.e6
1.196686  1.e6
1.201354  1.e6
1.204802  1.e6
1.206266  1.e6
1.207106  1.e6
1.207961  1.e6
1.212836  1.e6
1.214385  1.e6
1.221018  1.e6
1.221041  1.e6
1.221504  1.e6
1.222107  1.e6
1.229628  1.e6
1.231106  1.e6
1.232398  1.e6
1.23284  1.e6
1.234138  1.e6
1.237298  1.e6
1.237607  1.e6
1.23768  1.e6
1.238057  1.e6
1.241122  1.e6
1.242214  1.e6
1.246736  1.e6
1.251788  1.e6
1.253864  1.e6
1.257533  1.e6
1.262547  1.e6
1.264802  1.e6
1.266971  1.e6
1.268497  1.e6
1.268718  1.e6
1.268847  1.e6
1.271035  1.e6
1.279692  1.e6
1.282787  1.e6
1.284731  1.e6
1.286541  1.e6
1.287683  1.e6
1.292311  1.e6
1.293688  1.e6
1.294914  1.e6
1.300044  1.e6
1.300828  1.e6
1.301925  1.e6
1.304744  1.e6
1.307627  1.e6
1.314949  1.e6
1.316733  1.e6
1.317015  1.e6
1.317018  1.e6
1.31723  1.e6
1.318399  1.e6
1.319356  1.e6
1.319508  1.e6
1.320195  1.e6
1.320714  1.e6
1.321128  1.e6
1.324071  1.e6
1.325819  1.e6
1.332126  1.e6
1.341607  1.e6
1.345245  1.e6
1.345998  1.e6
1.347243  1.e6
1.349797  1.e6
1.350884  1.e6
1.353237  1.e6
1.354922  1.e6
1.355071  1.e6
1.357562  1.e6
1.358056  1.e6
1.359559  1.e6
1.363174  1.e6
1.364539  1.e6
1.364661  1.e6
1.365746  1.e6
1.367453  1.e6
1.369911  1.e6
1.370431  1.e6
1.371057  1.e6
1.372116  1.e6
1.374796  1.e6
1.376829  1.e6
1.379658  1.e6
1.379712  1.e6
1.379742  1.e6
1.379849  1.e6
1.381513  1.e6
1.382341  1.e6
1.383081  1.e6
1.383241  1.e6
1.387853  1.e6
1.391957  1.e6
1.392475  1.e6
1.395987  1.e6
1.397541  1.e6
1.40488  1.e6
1.407058  1.e6
1.412304  1.e6
1.416334  1.e6
1.423615  1.e6
1.428925  1.e6
1.431342  1.e6
1.441914  1.e6
1.444785  1.e6
1.445603  1.e6
1.4466  1.e6
1.448708  1.e6
1.451752  1.e6
1.452092  1.e6
1.459534  1.e6
1.464979  1.e6
1.466442  1.e6
1.469735  1.e6
1.471267  1.e6
1.472593  1.e6
1.472814  1.e6
1.476232  1.e6
1.48846  1.e6
1.488593  1.e6
1.490216  1.e6
1.492115  1.e6
1.498553  1.e6
1.501401  1.e6
1.503399  1.e6
1.503436  1.e6
1.506967  1.e6
1.515024  1.e6
1.516148  1.e6
1.517889  1.e6
1.519749  1.e6
1.520069  1.e6
1.522008  1.e6
1.524858  1.e6
1.527693  1.e6
1.529555  1.e6
1.529839  1.e6
1.530739  1.e6
1.531844  1.e6
1.533357  1.e6
1.53402  1.e6
1.536206  1.e6
1.536681  1.e6
1.538789  1.e6
1.53967  1.e6
1.539722  1.e6
1.541265  1.e6
1.541475  1.e6
1.543836  1.e6
1.547961  1.e6
1.551211  1.e6
1.552146  1.e6
1.552804  1.e6
1.555045  1.e6
1.555159  1.e6
1.557202  1.e6
1.558865  1.e6
1.558885  1.e6
1.560158  1.e6
1.561814  1.e6
1.562777  1.e6
1.564103  1.e6
1.565074  1.e6
1.567545  1.e6
1.56986  1.e6
1.570829  1.e6
1.572507  1.e6
1.575002  1.e6
1.576517  1.e6
1.579618  1.e6
1.581532  1.e6
1.586047  1.e6
1.586487  1.e6
1.589962  1.e6
1.595054  1.e6
1.595186  1.e6
1.595718  1.e6
1.599008  1.e6
1.601032  1.e6
1.602028  1.e6
1.604118  1.e6
1.605948  1.e6
1.606871  1.e6
1.61174  1.e6
1.615857  1.e6
1.617416  1.e6
1.619448  1.e6
1.619572  1.e6
1.622097  1.e6
1.622911  1.e6
1.623715  1.e6
1.625879  1.e6
1.626779  1.e6
1.629505  1.e6
1.635975  1.e6
1.637499  1.e6
1.637534  1.e6
1.63876  1.e6
1.639417  1.e6
1.643117  1.e6
1.643659  1.e6
1.645492  1.e6
1.6534  1.e6
1.653831  1.e6
1.654839  1.e6
1.657853  1.e6
1.658883  1.e6
1.660111  1.e6
1.662853  1.e6
1.669682  1.e6
1.67221  1.e6
1.67356  1.e6
1.673871  1.e6
1.677535  1.e6
1.681192  1.e6
1.681746  1.e6
1.683265  1.e6
1.684794  1.e6
1.688159  1.e6
1.688668  1.e6
1.688913  1.e6
1.696208  1.e6
1.697151  1.e6
1.697294  1.e6
1.701352  1.e6
1.702923  1.e6
1.703501  1.e6
1.703682  1.e6
1.704882  1.e6
1.709582  1.e6
1.715741  1.e6
1.718544  1.e6
1.719063  1.e6
1.721901  1.e6
1.722498  1.e6
1.725182  1.e6
1.728195  1.e6
1.728773  1.e6
1.730624  1.e6
1.735787  1.e6
1.740097  1.e6
1.742213  1.e6
1.743022  1.e6
1.743668  1.e6
1.746431  1.e6
1.748251  1.e6
1.749722  1.e6
1.757458  1.e6
1.760433  1.e6
1.761266  1.e6
1.765144  1.e6
1.767744  1.e6
1.768447  1.e6
1.776729  1.e6
1.777547  1.e6
1.779519  1.e6
1.782246  1.e6
1.782754  1.e6
1.783736  1.e6
1.785948  1.e6
1.786223  1.e6
1.788995  1.e6
1.79395  1.e6
1.79522  1.e6
1.796139  1.e6
1.798296  1.e6
1.799459  1.e6
1.799962  1.e6
1.805483  1.e6
1.816834  1.e6
1.8199  1.e6
1.82072  1.e6
1.821333  1.e6
1.822651  1.e6
1.822942  1.e6
1.823321  1.e6
1.82439  1.e6
1.824499  1.e6
1.827473  1.e6
1.827757  1.e6
1.828201  1.e6
1.83059  1.e6
1.831571  1.e6
1.832365  1.e6
1.832646  1.e6
1.834609  1.e6
1.834948  1.e6
1.835822  1.e6
1.836267  1.e6
1.837726  1.e6
1.838169  1.e6
1.839936  1.e6
1.842965  1.e6
1.8444  1.e6
1.844611  1.e6
1.849249  1.e6
1.852033  1.e6
1.852147  1.e6
1.852263  1.e6
1.855615  1.e6
1.861863  1.e6
1.863064  1.e6
1.868548  1.e6
1.869044  1.e6
1.869444  1.e6
1.872513  1.e6
1.875973  1.e6
1.877498  1.e6
1.880761  1.e6
1.88088  1.e6
1.881199  1.e6
1.883326  1.e6
1.883686  1.e6
1.887208  1.e6
1.887466  1.e6
1.888241  1.e6
1.890898  1.e6
1.891623  1.e6
1.89176  1.e6
1.89374  1.e6
1.893783  1.e6
1.894328  1.e6
1.89831  1.e6
1.898775  1.e6
1.901441  1.e6
1.904067  1.e6
1.905252  1.e6
1.906856  1.e6
1.906953  1.e6
1.909559  1.e6
1.91092  1.e6
1.912362  1.e6
1.912913  1.e6
1.914852  1.e6
1.920443  1.e6
1.927168  1.e6
1.927702  1.e6
1.929569  1.e6
1.931341  1.e6
1.932931  1.e6
1.934345  1.e6
1.935841  1.e6
1.936263  1.e6
1.936837  1.e6
1.938211  1.e6
1.938928  1.e6
1.940556  1.e6
1.94496  1.e6
1.945345  1.e6
1.9513  1.e6
1.952326  1.e6
1.953177  1.e6
1.954203  1.e6
1.956289  1.e6
1.9599  1.e6
1.960169  1.e6
1.961562  1.e6
1.961654  1.e6
1.963174  1.e6
1.963803  1.e6
1.964295  1.e6
1.965845  1.e6
1.968167  1.e6
1.969555  1.e6
1.971935  1.e6
1.972942  1.e6
1.975791  1.e6
1.976626  1.e6
1.977084  1.e6
1.982832  1.e6
1.983978  1.e6
1.985551  1.e6
1.987344  1.e6
1.987732  1.e6
1.989041  1.e6
1.990353  1.e6
1.990474  1.e6
1.998167  1.e6
1.999311  1.e6
2.000124  1.e6
2.00075  1.e6
2.00565  1.e6
2.006277  1.e6
2.007205  1.e6
2.010499  1.e6
2.012242  1.e6
2.01255  1.e6
2.014083  1.e6
2.01592  1.e6
2.017674  1.e6
2.018  1.e6
2.018978  1.e6
2.020791  1.e6
2.021865  1.e6
2.023279  1.e6
2.024164  1.e6
2.028478  1.e6
2.029379  1.e6
2.033842  1.e6
2.034006  1.e6
2.035087  1.e6
2.03613  1.e6
2.037647  1.e6
2.042961  1.e6
2.049571  1.e6
2.051349  1.e6
2.052005  1.e6
2.053569  1.e6
2.056469  1.e6
2.056565  1.e6
2.05753  1.e6
2.057667  1.e6
2.060922  1.e6
2.064134  1.e6
2.064159  1.e6
2.064547  1.e6
2.066141  1.e6
2.066155  1.e6
2.067775  1.e6
2.069506  1.e6
2.069788  1.e6
2.070266  1.e6
2.070996  1.e6
2.071719  1.e6
2.073591  1.e6
2.078366  1.e6
2.080177  1.e6
2.08122  1.e6
2.081289  1.e6
2.084032  1.e6
2.085307  1.e6
2.085867  1.e6
2.085977  1.e6
2.090086  1.e6
2.090334  1.e6
2.097069  1.e6
2.098097  1.e6
2.098356  1.e6
2.101233  1.e6
2.101727  1.e6
2.107183  1.e6
2.112657  1.e6
2.115266  1.e6
2.117786  1.e6
2.119446  1.e6
2.124322  1.e6
2.126985  1.e6
2.127859  1.e6
2.128157  1.e6
2.129374  1.e6
2.13403  1.e6
2.138682  1.e6
2.139456  1.e6
2.147172  1.e6
2.148459  1.e6
2.148979  1.e6
2.151102  1.e6
2.155631  1.e6
2.15761  1.e6
2.160947  1.e6
2.161964  1.e6
2.169208  1.e6
2.170131  1.e6
2.171133  1.e6
2.172947  1.e6
2.173668  1.e6
2.176778  1.e6
2.178904  1.e6
2.178988  1.e6
2.17902  1.e6
2.181545  1.e6
2.182144  1.e6
2.184827  1.e6
2.186526  1.e6
2.187686  1.e6
2.188947  1.e6
2.191542  1.e6
2.191633  1.e6
2.198977  1.e6
2.20296  1.e6
2.20561  1.e6
2.20637  1.e6
2.206712  1.e6
2.209157  1.e6
2.21011  1.e6
2.21185  1.e6
2.213114  1.e6
2.213518  1.e6
2.21528  1.e6
2.219962  1.e6
2.220847  1.e6
2.221134  1.e6
2.225206  1.e6
2.23147  1.e6
2.232217  1.e6
2.234896  1.e6
2.236183  1.e6
2.236701  1.e6
2.240334  1.e6
2.240459  1.e6
2.242716  1.e6
2.248751  1.e6
2.250599  1.e6
2.250725  1.e6
2.252344  1.e6
2.25243  1.e6
2.254438  1.e6
2.256565  1.e6
2.257958  1.e6
2.258616  1.e6
2.264209  1.e6
2.273698  1.e6
2.277252  1.e6
2.278201  1.e6
2.278766  1.e6
2.281  1.e6
2.281953  1.e6
2.282042  1.e6
2.282537  1.e6
2.283239  1.e6
2.287246  1.e6
2.290623  1.e6
2.297573  1.e6
2.299283  1.e6
2.30041  1.e6
2.300728  1.e6
2.312909  1.e6
2.316224  1.e6
2.316564  1.e6
2.320083  1.e6
2.324589  1.e6
2.325385  1.e6
2.325398  1.e6
2.327273  1.e6
2.327587  1.e6
2.330829  1.e6
2.330841  1.e6
2.331386  1.e6
2.331708  1.e6
2.332201  1.e6
2.333286  1.e6
2.333876  1.e6
2.334521  1.e6
2.335664  1.e6
2.339669  1.e6
2.34198  1.e6
2.343478  1.e6
2.344982  1.e6
2.345323  1.e6
2.347119  1.e6
2.348026  1.e6
2.354241  1.e6
2.355297  1.e6
2.364369  1.e6
2.367516  1.e6
2.368077  1.e6
2.370683  1.e6
2.372365  1.e6
2.373761  1.e6
2.377909  1.e6
2.38332  1.e6
2.385515  1.e6
2.389106  1.e6
2.392208  1.e6
2.395834  1.e6
2.39849  1.e6
2.400621  1.e6
2.403754  1.e6
2.406376  1.e6
2.407175  1.e6
2.408492  1.e6
2.410705  1.e6
2.411168  1.e6
2.413019  1.e6
2.419687  1.e6
2.420954  1.e6
2.422798  1.e6
2.428791  1.e6
2.42891  1.e6
2.430186  1.e6
2.430195  1.e6
2.430312  1.e6
2.437732  1.e6
2.447136  1.e6
2.447137  1.e6
2.447507  1.e6
2.452687  1.e6
2.453968  1.e6
2.457837  1.e6
2.45971  1.e6
2.461118  1.e6
2.461583  1.e6
2.463346  1.e6
2.464337  1.e6
2.465396  1.e6
2.465674  1.e6
2.468075  1.e6
2.468272  1.e6
2.471514  1.e6
2.471801  1.e6
2.471856  1.e6
2.476116  1.e6
2.476316  1.e6
2.478452  1.e6
2.479748  1.e6
2.479843  1.e6
2.482843  1.e6
2.483909  1.e6
2.485762  1.e6
2.489991  1.e6
2.493276  1.e6
2.493333  1.e6
2.493835  1.e6
2.494158  1.e6
2.494787  1.e6
2.495387  1.e6
2.496606  1.e6
2.497027  1.e6
2.499798  1.e6
2.503168  1.e6
2.503191  1.e6
2.507168  1.e6
2.508259  1.e6
2.508738  1.e6
2.511482  1.e6
2.515994  1.e6
2.516709  1.e6
2.517927  1.e6
2.518033  1.e6
2.518974  1.e6
2.520076  1.e6
2.52243  1.e6
2.527153  1.e6
2.528368  1.e6
2.530911  1.e6
2.531607  1.e6
2.533047  1.e6
2.534701  1.e6
2.536921  1.e6
2.53892  1.e6
2.542972  1.e6
2.544613  1.e6
2.545586  1.e6
2.546905  1.e6
2.547222  1.e6
2.549022  1.e6
2.55072  1.e6
2.553331  1.e6
2.553787  1.e6
2.556278  1.e6
2.55667  1.e6
2.559783  1.e6
2.567709  1.e6
2.574814  1.e6
2.577133  1.e6
2.578787  1.e6
2.579847  1.e6
2.582826  1.e6
2.582976  1.e6
2.583352  1.e6
2.586436  1.e6
2.58678  1.e6
2.587374  1.e6
2.588343  1.e6
2.590212  1.e6
2.594813  1.e6
2.596906  1.e6
2.600223  1.e6
2.601962  1.e6
2.603333  1.e6
2.605152  1.e6
2.605662  1.e6
2.605801  1.e6
2.609026  1.e6
2.61192  1.e6
2.613798  1.e6
2.617112  1.e6
2.620961  1.e6
2.622322  1.e6
2.623413  1.e6
2.625069  1.e6
2.630646  1.e6
2.632768  1.e6
2.633043  1.e6
2.635013  1.e6
2.635627  1.e6
2.636262  1.e6
2.639775  1.e6
2.642008  1.e6
2.645461  1.e6
2.646026  1.e6
2.647453  1.e6
2.648481  1.e6
2.652632  1.e6
2.654339  1.e6
2.654427  1.e6
2.654692  1.e6
2.655345  1.e6
2.65599  1.e6
2.657522  1.e6
2.661708  1.e6
2.665075  1.e6
2.665787  1.e6
2.666718  1.e6
2.672317  1.e6
2.672608  1.e6
2.673161  1.e6
2.673324  1.e6
2.673566  1.e6
2.674678  1.e6
2.676163  1.e6
2.67761  1.e6
2.680749  1.e6
2.68666  1.e6
2.688104  1.e6
2.688126  1.e6
2.68819  1.e6
2.690019  1.e6
2.691047  1.e6
2.69565  1.e6
2.697537  1.e6
2.699583  1.e6
2.699832  1.e6
2.699843  1.e6
2.701179  1.e6
2.707839  1.e6
2.710144  1.e6
2.715756  1.e6
2.716729  1.e6
2.716888  1.e6
2.71836  1.e6
2.720216  1.e6
2.72055  1.e6
2.720775  1.e6
2.727013  1.e6
2.729294  1.e6
2.730098  1.e6
2.730212  1.e6
2.730277  1.e6
2.730635  1.e6
2.732016  1.e6
2.739439  1.e6
2.739784  1.e6
2.741629  1.e6
2.750587  1.e6
2.752527  1.e6
2.752814  1.e6
2.754425  1.e6
2.754909  1.e6
2.763541  1.e6
2.767644  1.e6
2.767648  1.e6
2.768591  1.e6
2.770045  1.e6
2.770472  1.e6
2.773562  1.e6
2.773986  1.e6
2.775311  1.e6
2.775398  1.e6
2.777086  1.e6
2.777285  1.e6
2.778513  1.e6
2.784376  1.e6
2.78581  1.e6
2.786649  1.e6
2.788004  1.e6
2.789809  1.e6
2.794088  1.e6
2.794748  1.e6
2.79494  1.e6
2.798548  1.e6
2.80133  1.e6
2.801745  1.e6
2.802362  1.e6
2.803939  1.e6
2.804181  1.e6
2.808894  1.e6
2.809246  1.e6
2.812528  1.e6
2.814797  1.e6
2.815376  1.e6
2.81855  1.e6
2.820057  1.e6
2.825079  1.e6
2.826394  1.e6
2.828188  1.e6
2.828506  1.e6
2.828873  1.e6
2.831349  1.e6
2.834088  1.e6
2.83584  1.e6
2.836913  1.e6
2.839123  1.e6
2.84786  1.e6
2.848532  1.e6
2.849082  1.e6
2.850729  1.e6
2.851776  1.e6
2.856096  1.e6
2.856831  1.e6
2.857958  1.e6
2.863273  1.e6
2.863498  1.e6
2.866897  1.e6
2.870739  1.e6
2.871122  1.e6
2.871432  1.e6
2.871704  1.e6
2.872413  1.e6
2.873281  1.e6
2.874814  1.e6
2.876894  1.e6
2.878621  1.e6
2.879556  1.e6
2.880324  1.e6
2.880673  1.e6
2.882752  1.e6
2.884894  1.e6
2.886274  1.e6
2.886282  1.e6
2.889154  1.e6
2.889595  1.e6
2.890737  1.e6
2.892686  1.e6
2.892744  1.e6
2.894294  1.e6
2.898391  1.e6
2.901291  1.e6
2.905365  1.e6
2.911949  1.e6
2.913698  1.e6
2.917847  1.e6
2.925323  1.e6
2.927991  1.e6
2.928567  1.e6
2.930098  1.e6
2.94819  1.e6
2.948621  1.e6
2.951459  1.e6
2.953017  1.e6
2.953136  1.e6
2.955586  1.e6
2.955886  1.e6
2.958483  1.e6
2.959403  1.e6
2.959737  1.e6
2.960192  1.e6
2.961256  1.e6
2.968831  1.e6
2.968964  1.e6
2.973307  1.e6
2.975784  1.e6
2.976071  1.e6
2.978825  1.e6
2.979561  1.e6
2.980792  1.e6
2.984455  1.e6
2.986183  1.e6
2.991102  1.e6
2.99234  1.e6
2.993242  1.e6
2.993253  1.e6
2.993776  1.e6
2.994616  1.e6
2.996425  1.e6
2.996924  1.e6
2.998329  1.e6
3.003346  1.e6
3.004408  1.e6
3.005922  1.e6
3.006902  1.e6
3.008486  1.e6
3.009712  1.e6
3.012132  1.e6
3.012217  1.e6
3.015737  1.e6
3.018447  1.e6
3.019393  1.e6
3.022732  1.e6
3.022839  1.e6
3.023709  1.e6
3.027613  1.e6
3.028809  1.e6
3.0306  1.e6
3.031155  1.e6
3.033373  1.e6
3.038276  1.e6
3.042121  1.e6
3.042866  1.e6
3.043543  1.e6
3.045941  1.e6
3.046655  1.e6
3.050582  1.e6
3.053874  1.e6
3.055565  1.e6
3.058536  1.e6
3.062456  1.e6
3.062643  1.e6
3.065766  1.e6
3.065981  1.e6
3.06613  1.e6
3.066459  1.e6
3.068664  1.e6
3.069328  1.e6
3.069617  1.e6
3.076389  1.e6
3.079334  1.e6
3.079506  1.e6
3.080016  1.e6
3.0833  1.e6
3.083311  1.e6
3.08362  1.e6
3.083781  1.e6
3.084278  1.e6
3.08827  1.e6
3.089995  1.e6
3.091716  1.e6
3.094425  1.e6
3.097039  1.e6
3.100522  1.e6
3.108036  1.e6
3.110071  1.e6
3.111162  1.e6
3.113261  1.e6
3.113392  1.e6
3.115474  1.e6
3.116126  1.e6
3.117204  1.e6
3.118269  1.e6
3.12042  1.e6
3.121117  1.e6
3.121371  1.e6
3.121701  1.e6
3.125363  1.e6
3.126318  1.e6
3.127308  1.e6
3.129369  1.e6
3.12964  1.e6
3.130997  1.e6
3.133068  1.e6
3.13503  1.e6
3.136784  1.e6
3.137492  1.e6
3.138396  1.e6
3.141921  1.e6
3.147134  1.e6
3.147669  1.e6
3.148325  1.e6
3.148639  1.e6
3.148806  1.e6
3.154733  1.e6
3.156214  1.e6
3.159602  1.e6
3.161671  1.e6
3.164103  1.e6
3.166378  1.e6
3.167635  1.e6
3.167767  1.e6
3.168777  1.e6
3.17773  1.e6
3.178006  1.e6
3.181299  1.e6
3.183968  1.e6
3.184391  1.e6
3.185573  1.e6
3.186259  1.e6
3.187204  1.e6
3.189353  1.e6
3.189653  1.e6
3.190373  1.e6
3.192667  1.e6
3.197824  1.e6
3.19979  1.e6
3.199907  1.e6
3.201842  1.e6
3.203324  1.e6
3.206186  1.e6
3.207152  1.e6
3.208095  1.e6
3.209617  1.e6
3.209861  1.e6
3.21009  1.e6
3.212254  1.e6
3.213027  1.e6
3.21589  1.e6
3.218862  1.e6
3.225452  1.e6
3.226211  1.e6
3.226225  1.e6
3.226549  1.e6
3.230202  1.e6
3.23408  1.e6
3.236527  1.e6
3.239549  1.e6
3.240068  1.e6
3.240357  1.e6
3.241151  1.e6
3.241721  1.e6
3.244012  1.e6
3.245164  1.e6
3.245603  1.e6
3.245993  1.e6
3.246377  1.e6
3.246481  1.e6
3.24752  1.e6
3.249797  1.e6
3.252708  1.e6
3.253858  1.e6
3.255047  1.e6
3.255498  1.e6
3.255907  1.e6
3.257641  1.e6
3.260796  1.e6
3.261771  1.e6
3.26252  1.e6
3.263029  1.e6
3.263982  1.e6
3.265496  1.e6
3.266687  1.e6
3.268492  1.e6
3.274443  1.e6
3.277383  1.e6
3.280395  1.e6
3.28499  1.e6
3.287358  1.e6
3.287794  1.e6
3.293196  1.e6
3.293555  1.e6
3.293881  1.e6
3.296027  1.e6
3.297729  1.e6
3.298227  1.e6
3.300404  1.e6
3.300883  1.e6
3.303795  1.e6
3.306284  1.e6
3.309652  1.e6
3.310427  1.e6
3.312573  1.e6
3.314238  1.e6
3.315549  1.e6
3.317854  1.e6
3.319895  1.e6
3.32026  1.e6
3.321018  1.e6
3.321268  1.e6
3.322261  1.e6
3.323399  1.e6
3.32879  1.e6
3.329384  1.e6
3.329596  1.e6
3.329666  1.e6
3.339188  1.e6
3.341606  1.e6
3.342089  1.e6
3.342164  1.e6
3.342732  1.e6
3.343748  1.e6
3.34913  1.e6
3.352718  1.e6
3.352919  1.e6
3.360447  1.e6
3.368526  1.e6
3.369778  1.e6
3.372075  1.e6
3.377507  1.e6
3.379085  1.e6
3.379723  1.e6
3.381889  1.e6
3.382612  1.e6
3.386145  1.e6
3.387675  1.e6
3.389188  1.e6
3.389855  1.e6
3.390271  1.e6
3.391192  1.e6
3.391318  1.e6
3.394696  1.e6
3.397566  1.e6
3.400539  1.e6
3.403937  1.e6
3.404176  1.e6
3.405424  1.e6
3.406156  1.e6
3.406169  1.e6
3.406236  1.e6
3.406922  1.e6
3.407997  1.e6
3.409098  1.e6
3.409761  1.e6
3.411135  1.e6
3.412695  1.e6
3.412906  1.e6
3.41509  1.e6
3.417361  1.e6
3.4174  1.e6
3.422603  1.e6
3.42508  1.e6
3.429947  1.e6
3.430157  1.e6
3.430929  1.e6
3.438279  1.e6
3.44056  1.e6
3.446372  1.e6
3.447611  1.e6
3.447784  1.e6
3.448355  1.e6
3.449077  1.e6
3.45087  1.e6
3.452097  1.e6
3.455664  1.e6
3.466559  1.e6
3.467213  1.e6
3.469188  1.e6
3.469922  1.e6
3.469941  1.e6
3.470019  1.e6
3.473435  1.e6
3.475997  1.e6
3.485512  1.e6
3.487801  1.e6
3.490407  1.e6
3.494079  1.e6
3.496476  1.e6
3.497711  1.e6
3.499099  1.e6
3.499453  1.e6
3.501149  1.e6
3.507759  1.e6
3.509226  1.e6
3.510483  1.e6
3.510804  1.e6
3.510938  1.e6
3.511245  1.e6
3.512531  1.e6
3.513699  1.e6
3.515577  1.e6
3.517685  1.e6
3.5198  1.e6
3.525806  1.e6
3.526593  1.e6
3.537134  1.e6
3.539303  1.e6
3.53935  1.e6
3.540169  1.e6
3.540993  1.e6
3.543046  1.e6
3.543229  1.e6
3.543231  1.e6
3.545381  1.e6
3.545672  1.e6
3.550101  1.e6
3.552659  1.e6
3.552774  1.e6
3.554538  1.e6
3.554763  1.e6
3.559291  1.e6
3.559742  1.e6
3.560546  1.e6
3.565542  1.e6
3.568179  1.e6
3.57052  1.e6
3.572889  1.e6
3.576589  1.e6
3.577807  1.e6
3.578964  1.e6
3.585377  1.e6
3.585556  1.e6
3.586993  1.e6
3.589261  1.e6
3.591527  1.e6
3.592756  1.e6
3.598503  1.e6
3.598625  1.e6
3.600033  1.e6
3.600979  1.e6
3.601923  1.e6
3.605313  1.e6
3.609019  1.e6
3.611077  1.e6
3.613913  1.e6
3.617817  1.e6
3.618654  1.e6
3.619233  1.e6
3.62145  1.e6
3.621959  1.e6
3.622597  1.e6
3.623251  1.e6
3.624746  1.e6
3.625246  1.e6
3.625996  1.e6
3.628053  1.e6
3.630775  1.e6
3.632924  1.e6
3.634001  1.e6
3.635262  1.e6
3.638825  1.e6
3.642205  1.e6
3.643871  1.e6
3.644064  1.e6
3.64527  1.e6
3.646846  1.e6
3.648588  1.e6
3.652043  1.e6
3.657562  1.e6
3.657644  1.e6
3.659052  1.e6
3.65942  1.e6
3.663163  1.e6
3.666082  1.e6
3.670007  1.e6
3.673204  1.e6
3.676906  1.e6
3.678612  1.e6
3.680334  1.e6
3.682505  1.e6
3.68607  1.e6
3.690221  1.e6
3.690807  1.e6
3.694571  1.e6
3.694658  1.e6
3.695451  1.e6
3.695514  1.e6
3.696619  1.e6
3.70004  1.e6
3.703342  1.e6
3.707207  1.e6
3.708621  1.e6
3.710656  1.e6
3.715066  1.e6
3.720936  1.e6
3.728783  1.e6
3.729166  1.e6
3.730228  1.e6
3.730587  1.e6
3.735014  1.e6
3.735121  1.e6
3.736437  1.e6
3.739473  1.e6
3.741484  1.e6
3.741602  1.e6
3.743556  1.e6
3.744981  1.e6
3.745144  1.e6
3.746092  1.e6
3.746953  1.e6
3.753403  1.e6
3.759115  1.e6
3.7599  1.e6
3.761916  1.e6
3.762954  1.e6
3.763846  1.e6
3.768679  1.e6
3.768855  1.e6
3.77316  1.e6
3.777012  1.e6
3.777044  1.e6
3.77805  1.e6
3.78073  1.e6
3.781115  1.e6
3.781225  1.e6
3.784921  1.e6
3.79052  1.e6
3.790701  1.e6
3.79653  1.e6
3.800804  1.e6
3.800963  1.e6
3.803779  1.e6
3.804014  1.e6
3.805308  1.e6
3.806417  1.e6
3.809389  1.e6
3.811717  1.e6
3.815858  1.e6
3.817104  1.e6
3.818851  1.e6
3.821049  1.e6
3.821192  1.e6
3.824668  1.e6
3.82682  1.e6
3.829511  1.e6
3.830433  1.e6
3.831339  1.e6
3.833418  1.e6
3.834232  1.e6
3.835025  1.e6
3.840605  1.e6
3.843269  1.e6
3.844279  1.e6
3.844367  1.e6
3.846341  1.e6
3.848146  1.e6
3.848942  1.e6
3.850428  1.e6
3.850737  1.e6
3.852006  1.e6
3.857772  1.e6
3.860613  1.e6
3.860813  1.e6
3.862233  1.e6
3.862608  1.e6
3.863447  1.e6
3.863649  1.e6
3.863859  1.e6
3.865086  1.e6
3.865702  1.e6
3.866147  1.e6
3.869613  1.e6
3.87198  1.e6
3.872321  1.e6
3.872837  1.e6
3.874149  1.e6
3.876383  1.e6
3.880124  1.e6
3.885391  1.e6
3.88543  1.e6
3.889931  1.e6
3.899863  1.e6
3.902879  1.e6
3.902932  1.e6
3.906581  1.e6
3.90778  1.e6
3.910187  1.e6
3.91364  1.e6
3.91532  1.e6
3.915642  1.e6
3.919826  1.e6
3.926704  1.e6
3.92697  1.e6
3.933856  1.e6
3.934358  1.e6
3.936189  1.e6
3.936956  1.e6
3.937182  1.e6
3.93768  1.e6
3.938752  1.e6
3.941726  1.e6
3.942392  1.e6
3.947383  1.e6
3.947594  1.e6
3.947691  1.e6
3.948104  1.e6
3.94983  1.e6
3.950966  1.e6
3.952227  1.e6
3.954071  1.e6
3.954738  1.e6
3.954784  1.e6
3.95577  1.e6
3.958153  1.e6
3.959383  1.e6
3.960818  1.e6
3.961043  1.e6
3.962012  1.e6
3.96216  1.e6
3.963058  1.e6
3.966612  1.e6
3.968372  1.e6
3.968951  1.e6
3.973603  1.e6
3.975418  1.e6
3.981193  1.e6
3.985126  1.e6
3.988122  1.e6
3.988199  1.e6
3.997983  1.e6
4.003267  1.e6
4.004827  1.e6
4.005176  1.e6
4.006094  1.e6
4.006821  1.e6
4.007687  1.e6
4.008148  1.e6
4.013228  1.e6
4.013273  1.e6
4.014685  1.e6
4.016015  1.e6
4.016339  1.e6
4.016793  1.e6
4.018047  1.e6
4.020902  1.e6
4.022018  1.e6
4.02237  1.e6
4.024469  1.e6
4.025877  1.e6
4.030822  1.e6
4.034927  1.e6
4.035719  1.e6
4.036513  1.e6
4.037757  1.e6
4.03806  1.e6
4.041945  1.e6
4.042792  1.e6
4.042955  1.e6
4.044985  1.e6
4.045099  1.e6
4.045134  1.e6
4.049343  1.e6
4.049501  1.e6
4.050412  1.e6
4.050682  1.e6
4.054193  1.e6
4.056104  1.e6
4.056119  1.e6
4.056547  1.e6
4.057837  1.e6
4.061901  1.e6
4.062981  1.e6
4.064732  1.e6
4.065504  1.e6
4.074959  1.e6
4.077675  1.e6
4.07919  1.e6
4.087274  1.e6
4.087754  1.e6
4.087846  1.e6
4.093559  1.e6
4.095105  1.e6
4.095142  1.e6
4.096587  1.e6
4.099168  1.e6
4.100117  1.e6
4.10262  1.e6
4.103102  1.e6
4.103688  1.e6
4.104668  1.e6
4.109242  1.e6
4.110588  1.e6
4.110653  1.e6
4.11804  1.e6
4.118337  1.e6
4.119249  1.e6
4.12486  1.e6
4.126385  1.e6
4.1267  1.e6
4.128578  1.e6
4.129477  1.e6
4.134491  1.e6
4.137989  1.e6
4.13819  1.e6
4.138249  1.e6
4.138843  1.e6
4.140139  1.e6
4.140553  1.e6
4.141247  1.e6
4.142445  1.e6
4.150098  1.e6
4.150278  1.e6
4.151598  1.e6
4.155396  1.e6
4.157322  1.e6
4.160298  1.e6
4.163046  1.e6
4.163075  1.e6
4.166524  1.e6
4.169872  1.e6
4.169993  1.e6
4.170508  1.e6
4.171624  1.e6
4.174884  1.e6
4.176311  1.e6
4.177715  1.e6
4.178476  1.e6
4.181895  1.e6
4.182069  1.e6
4.187767  1.e6
4.190178  1.e6
4.193298  1.e6
4.19825  1.e6
4.198341  1.e6
4.201097  1.e6
4.201523  1.e6
4.20249  1.e6
4.202939  1.e6
4.205951  1.e6
4.2077  1.e6
4.20821  1.e6
4.208904  1.e6
4.213512  1.e6
4.213755  1.e6
4.217733  1.e6
4.22088  1.e6
4.222258  1.e6
4.225718  1.e6
4.228115  1.e6
4.232106  1.e6
4.233547  1.e6
4.233808  1.e6
4.234596  1.e6
4.235803  1.e6
4.237036  1.e6
4.238482  1.e6
4.24333  1.e6
4.253691  1.e6
4.25378  1.e6
4.255138  1.e6
4.260403  1.e6
4.260426  1.e6
4.261592  1.e6
4.264672  1.e6
4.265338  1.e6
4.266643  1.e6
4.267722  1.e6
4.270065  1.e6
4.271021  1.e6
4.271473  1.e6
4.2744  1.e6
4.27872  1.e6
4.279028  1.e6
4.283672  1.e6
4.285134  1.e6
4.288183  1.e6
4.289612  1.e6
4.290465  1.e6
4.293463  1.e6
4.29478  1.e6
4.295643  1.e6
4.299759  1.e6
4.303189  1.e6
4.303307  1.e6
4.30759  1.e6
4.307931  1.e6
4.308739  1.e6
4.309132  1.e6
4.31166  1.e6
4.311893  1.e6
4.314095  1.e6
4.315261  1.e6
4.31529  1.e6
4.316653  1.e6
4.317355  1.e6
4.317478  1.e6
4.317648  1.e6
4.318389  1.e6
4.318725  1.e6
4.320524  1.e6
4.320653  1.e6
4.321025  1.e6
4.321055  1.e6
4.322869  1.e6
4.327104  1.e6
4.327787  1.e6
4.332572  1.e6
4.33314  1.e6
4.333265  1.e6
4.338816  1.e6
4.342526  1.e6
4.34463  1.e6
4.347215  1.e6
4.349014  1.e6
4.349964  1.e6
4.350444  1.e6
4.350555  1.e6
4.351377  1.e6
4.353486  1.e6
4.353791  1.e6
4.356531  1.e6
4.365682  1.e6
4.368053  1.e6
4.368249  1.e6
4.376884  1.e6
4.37813  1.e6
4.378729  1.e6
4.37981  1.e6
4.380807  1.e6
4.38293  1.e6
4.3882  1.e6
4.38981  1.e6
4.39093  1.e6
4.392993  1.e6
4.393114  1.e6
4.39647  1.e6
4.396662  1.e6
4.397265  1.e6
4.397976  1.e6
4.398992  1.e6
4.403162  1.e6
4.405769  1.e6
4.409297  1.e6
4.412227  1.e6
4.413652  1.e6
4.416209  1.e6
4.417091  1.e6
4.419966  1.e6
4.421899  1.e6
4.424268  1.e6
4.425429  1.e6
4.426584  1.e6
4.426766  1.e6
4.430523  1.e6
4.432416  1.e6
4.434068  1.e6
4.435499  1.e6
4.437466  1.e6
4.437496  1.e6
4.437499  1.e6
4.438464  1.e6
4.440671  1.e6
4.441014  1.e6
4.44271  1.e6
4.448289  1.e6
4.449082  1.e6
4.451813  1.e6
4.453188  1.e6
4.455032  1.e6
4.457397  1.e6
4.463945  1.e6
4.464173  1.e6
4.464916  1.e6
4.467479  1.e6
4.467909  1.e6
4.469347  1.e6
4.470647  1.e6
4.47116  1.e6
4.475513  1.e6
4.476224  1.e6
4.47664  1.e6
4.481003  1.e6
4.482848  1.e6
4.491001  1.e6
4.492213  1.e6
4.492308  1.e6
4.497591  1.e6
4.497923  1.e6
4.502134  1.e6
4.503403  1.e6
4.503768  1.e6
4.505075  1.e6
4.507966  1.e6
4.50844  1.e6
4.511509  1.e6
4.51163  1.e6
4.513998  1.e6
4.516471  1.e6
4.521273  1.e6
4.524418  1.e6
4.525166  1.e6
4.527745  1.e6
4.529272  1.e6
4.537277  1.e6
4.539149  1.e6
4.542698  1.e6
4.542807  1.e6
4.543881  1.e6
4.544082  1.e6
4.546009  1.e6
4.547251  1.e6
4.547921  1.e6
4.548122  1.e6
4.548554  1.e6
4.548869  1.e6
4.550545  1.e6
4.554723  1.e6
4.555689  1.e6
4.557203  1.e6
4.557613  1.e6
4.559691  1.e6
4.560322  1.e6
4.561185  1.e6
4.5614  1.e6
4.562866  1.e6
4.565958  1.e6
4.567877  1.e6
4.569275  1.e6
4.57472  1.e6
4.57556  1.e6
4.57734  1.e6
4.5776  1.e6
4.578209  1.e6
4.579341  1.e6
4.583485  1.e6
4.583916  1.e6
4.584153  1.e6
4.584311  1.e6
4.584703  1.e6
4.588199  1.e6
4.588956  1.e6
4.589289  1.e6
4.592341  1.e6
4.599362  1.e6
4.602713  1.e6
4.605098  1.e6
4.605983  1.e6
4.606509  1.e6
4.606586  1.e6
4.608055  1.e6
4.610647  1.e6
4.612167  1.e6
4.612735  1.e6
4.614374  1.e6
4.619396  1.e6
4.62177  1.e6
4.623936  1.e6
4.630568  1.e6
4.630806  1.e6
4.633179  1.e6
4.633864  1.e6
4.634687  1.e6
4.636129  1.e6
4.636793  1.e6
4.63815  1.e6
4.63902  1.e6
4.642331  1.e6
4.643372  1.e6
4.645873  1.e6
4.647365  1.e6
4.647789  1.e6
4.650505  1.e6
4.651741  1.e6
4.654873  1.e6
4.656273  1.e6
4.657573  1.e6
4.657597  1.e6
4.660267  1.e6
4.662658  1.e6
4.665518  1.e6
4.682292  1.e6
4.683789  1.e6
4.684344  1.e6
4.687151  1.e6
4.688634  1.e6
4.69084  1.e6
4.691478  1.e6
4.696803  1.e6
4.699892  1.e6
4.700103  1.e6
4.701131  1.e6
4.703019  1.e6
4.703626  1.e6
4.705137  1.e6
4.708688  1.e6
4.710256  1.e6
4.711185  1.e6
4.714629  1.e6
4.714898  1.e6
4.715816  1.e6
4.718125  1.e6
4.71997  1.e6
4.720065  1.e6
4.72236  1.e6
4.722615  1.e6
4.727788  1.e6
4.731513  1.e6
4.735524  1.e6
4.7366  1.e6
4.738341  1.e6
4.739671  1.e6
4.740244  1.e6
4.741546  1.e6
4.742263  1.e6
4.744823  1.e6
4.752889  1.e6
4.756884  1.e6
4.759668  1.e6
4.760012  1.e6
4.763062  1.e6
4.765723  1.e6
4.769134  1.e6
4.769829  1.e6
4.771976  1.e6
4.773424  1.e6
4.77351  1.e6
4.775277  1.e6
4.77625  1.e6
4.77755  1.e6
4.779517  1.e6
4.783543  1.e6
4.783557  1.e6
4.78376  1.e6
4.783856  1.e6
4.787555  1.e6
4.787802  1.e6
4.789274  1.e6
4.791726  1.e6
4.792224  1.e6
4.792418  1.e6
4.79245  1.e6
4.793124  1.e6
4.794934  1.e6
4.807136  1.e6
4.80769  1.e6
4.809413  1.e6
4.811492  1.e6
4.811776  1.e6
4.811833  1.e6
4.813866  1.e6
4.816927  1.e6
4.817704  1.e6
4.818527  1.e6
4.818594  1.e6
4.819786  1.e6
4.820156  1.e6
4.825097  1.e6
4.825429  1.e6
4.828629  1.e6
4.837488  1.e6
4.837939  1.e6
4.844044  1.e6
4.844541  1.e6
4.844745  1.e6
4.845356  1.e6
4.845645  1.e6
4.849406  1.e6
4.851723  1.e6
4.855587  1.e6
4.855701  1.e6
4.856236  1.e6
4.857235  1.e6
4.858442  1.e6
4.860186  1.e6
4.860484  1.e6
4.860827  1.e6
4.864073  1.e6
4.866101  1.e6
4.871153  1.e6
4.871903  1.e6
4.873092  1.e6
4.87599  1.e6
4.877649  1.e6
4.882641  1.e6
4.884809  1.e6
4.888889  1.e6
4.890368  1.e6
4.89105  1.e6
4.895269  1.e6
4.89668  1.e6
4.896801  1.e6
4.901725  1.e6
4.902014  1.e6
4.902334  1.e6
4.910634  1.e6
4.912941  1.e6
4.918948  1.e6
4.919046  1.e6
4.919805  1.e6
4.923544  1.e6
4.924603  1.e6
4.92817  1.e6
4.930176  1.e6
4.932442  1.e6
4.932617  1.e6
4.933952  1.e6
4.936578  1.e6
4.938675  1.e6
4.940729  1.e6
4.944319  1.e6
4.95239  1.e6
4.952583  1.e6
4.954915  1.e6
4.95617  1.e6
4.957001  1.e6
4.95713  1.e6
4.957666  1.e6
4.959561  1.e6
4.960661  1.e6
4.962299  1.e6
4.963197  1.e6
4.96852  1.e6
4.9691  1.e6
4.969209  1.e6
4.971723  1.e6
4.971801  1.e6
4.971891  1.e6
4.972695  1.e6
4.972873  1.e6
4.97616  1.e6
4.976715  1.e6
4.977103  1.e6
4.97809  1.e6
4.978425  1.e6
4.981222  1.e6
4.981791  1.e6
4.984251  1.e6
4.985129  1.e6
4.98599  1.e6
4.986886  1.e6
4.989284  1.e6
4.993729  1.e6
4.993972  1.e6
4.994171  1.e6
4.994467  1.e6
4.999159  1.e6
5.003072  1.e6
5.003222  1.e6
5.004044  1.e6
5.004655  1.e6
5.00522  1.e6
5.006773  1.e6
5.010844  1.e6
5.01544  1.e6
5.017583  1.e6
5.019273  1.e6
5.024256  1.e6
5.025918  1.e6
5.028072  1.e6
5.029584  1.e6
5.030712  1.e6
5.031851  1.e6
5.032624  1.e6
5.03427  1.e6
5.036121  1.e6
5.038608  1.e6
5.039217  1.e6
5.042543  1.e6
5.044564  1.e6
5.0448  1.e6
5.047916  1.e6
5.048998  1.e6
5.049546  1.e6
5.05186  1.e6
5.053958  1.e6
5.05421  1.e6
5.058914  1.e6
5.061116  1.e6
5.062446  1.e6
5.062459  1.e6
5.064556  1.e6
5.066114  1.e6
5.066382  1.e6
5.066944  1.e6
5.067101  1.e6
5.067287  1.e6
5.068088  1.e6
5.072429  1.e6
5.073476  1.e6
5.075977  1.e6
5.08136  1.e6
5.081534  1.e6
5.082323  1.e6
5.085363  1.e6
5.09337  1.e6
5.095305  1.e6
5.096137  1.e6
5.096718  1.e6
5.096977  1.e6
5.097764  1.e6
5.097821  1.e6
5.099988  1.e6
5.100153  1.e6
5.104033  1.e6
5.104547  1.e6
5.10649  1.e6
5.109661  1.e6
5.112116  1.e6
5.11425  1.e6
5.123408  1.e6
5.125468  1.e6
5.126951  1.e6
5.135822  1.e6
5.136781  1.e6
5.14413  1.e6
5.145746  1.e6
5.146017  1.e6
5.148044  1.e6
5.148467  1.e6
5.151321  1.e6
5.151946  1.e6
5.152423  1.e6
5.153038  1.e6
5.153475  1.e6
5.154956  1.e6
5.160542  1.e6
5.162707  1.e6
5.162741  1.e6
5.163969  1.e6
5.168226  1.e6
5.170846  1.e6
5.171413  1.e6
5.171864  1.e6
5.172484  1.e6
5.172935  1.e6
5.174246  1.e6
5.178958  1.e6
5.181872  1.e6
5.18573  1.e6
5.18583  1.e6
5.187471  1.e6
5.192825  1.e6
5.193494  1.e6
5.193843  1.e6
5.195667  1.e6
5.195833  1.e6
5.197062  1.e6
5.198068  1.e6
5.201137  1.e6
5.201444  1.e6
5.202931  1.e6
5.204459  1.e6
5.206455  1.e6
5.207091  1.e6
5.208027  1.e6
5.209638  1.e6
5.210079  1.e6
5.210621  1.e6
5.211488  1.e6
5.21202  1.e6
5.214833  1.e6
5.216116  1.e6
5.217102  1.e6
5.217108  1.e6
5.217844  1.e6
5.219008  1.e6
5.220119  1.e6
5.227232  1.e6
5.227555  1.e6
5.228031  1.e6
5.232483  1.e6
5.2332  1.e6
5.234184  1.e6
5.236276  1.e6
5.236498  1.e6
5.237754  1.e6
5.238632  1.e6
5.239307  1.e6
5.239358  1.e6
5.241657  1.e6
5.241986  1.e6
5.247181  1.e6
5.247292  1.e6
5.25124  1.e6
5.26447  1.e6
5.266979  1.e6
5.2674  1.e6
5.269731  1.e6
5.270516  1.e6
5.270553  1.e6
5.272714  1.e6
5.274888  1.e6
5.275818  1.e6
5.276598  1.e6
5.276719  1.e6
5.278248  1.e6
5.281032  1.e6
5.283583  1.e6
5.284781  1.e6
5.288557  1.e6
5.288573  1.e6
5.291988  1.e6
5.294862  1.e6
5.295672  1.e6
5.300841  1.e6
5.302551  1.e6
5.303779  1.e6
5.308284  1.e6
5.308696  1.e6
5.314744  1.e6
5.315712  1.e6
5.318041  1.e6
5.318872  1.e6
5.321892  1.e6
5.322565  1.e6
5.322704  1.e6
5.322755  1.e6
5.322887  1.e6
5.323598  1.e6
5.326562  1.e6
5.327535  1.e6
5.333139  1.e6
5.333864  1.e6
5.335456  1.e6
5.337869  1.e6
5.337893  1.e6
5.338723  1.e6
5.338784  1.e6
5.34087  1.e6
5.341776  1.e6
5.344708  1.e6
5.345297  1.e6
5.347917  1.e6
5.348155  1.e6
5.358162  1.e6
5.361863  1.e6
5.362177  1.e6
5.364659  1.e6
5.365045  1.e6
5.365308  1.e6
5.365892  1.e6
5.371663  1.e6
5.373191  1.e6
5.373233  1.e6
5.375264  1.e6
5.376827  1.e6
5.379073  1.e6
5.38097  1.e6
5.382159  1.e6
5.382343  1.e6
5.38528  1.e6
5.387029  1.e6
5.388739  1.e6
5.393111  1.e6
5.397433  1.e6
5.3985  1.e6
5.40549  1.e6
5.40555  1.e6
5.40614  1.e6
5.407433  1.e6
5.407491  1.e6
5.415751  1.e6
5.415755  1.e6
5.415964  1.e6
5.417395  1.e6
5.417411  1.e6
5.41775  1.e6
5.424222  1.e6
5.424997  1.e6
5.427474  1.e6
5.42771  1.e6
5.427882  1.e6
5.428623  1.e6
5.430489  1.e6
5.431562  1.e6
5.431941  1.e6
5.438164  1.e6
5.438648  1.e6
5.439103  1.e6
5.439902  1.e6
5.442452  1.e6
5.445234  1.e6
5.445452  1.e6
5.446854  1.e6
5.447421  1.e6
5.448873  1.e6
5.450051  1.e6
5.452075  1.e6
5.454378  1.e6
5.454541  1.e6
5.457893  1.e6
5.458289  1.e6
5.458648  1.e6
5.459886  1.e6
5.461545  1.e6
5.462976  1.e6
5.463568  1.e6
5.463857  1.e6
5.466106  1.e6
5.470669  1.e6
5.473305  1.e6
5.474916  1.e6
5.47838  1.e6
5.484444  1.e6
5.484993  1.e6
5.485186  1.e6
5.486682  1.e6
5.487673  1.e6
5.499092  1.e6
5.499882  1.e6
5.502973  1.e6
5.503064  1.e6
5.504379  1.e6
5.506077  1.e6
5.507504  1.e6
5.508724  1.e6
5.510385  1.e6
5.511598  1.e6
5.518289  1.e6
5.522629  1.e6
5.522888  1.e6
5.525626  1.e6
5.530336  1.e6
5.531343  1.e6
5.532332  1.e6
5.533487  1.e6
5.537874  1.e6
5.540094  1.e6
5.540213  1.e6
5.540219  1.e6
5.540774  1.e6
5.543722  1.e6
5.547967  1.e6
5.549693  1.e6
5.550378  1.e6
5.553754  1.e6
5.554039  1.e6
5.555468  1.e6
5.557163  1.e6
5.559078  1.e6
5.564372  1.e6
5.568393  1.e6
5.569624  1.e6
5.573098  1.e6
5.573464  1.e6
5.573781  1.e6
5.57483  1.e6
5.575027  1.e6
5.577645  1.e6
5.579299  1.e6
5.582431  1.e6
5.583168  1.e6
5.584732  1.e6
5.587133  1.e6
5.588282  1.e6
5.594575  1.e6
5.596408  1.e6
5.598159  1.e6
5.600069  1.e6
5.600567  1.e6
5.602651  1.e6
5.608177  1.e6
5.609494  1.e6
5.610772  1.e6
5.614452  1.e6
5.617719  1.e6
5.61927  1.e6
5.626351  1.e6
5.627483  1.e6
5.630568  1.e6
5.631003  1.e6
5.632493  1.e6
5.633536  1.e6
5.636801  1.e6
5.63858  1.e6
5.639972  1.e6
5.642957  1.e6
5.64511  1.e6
5.65222  1.e6
5.652375  1.e6
5.654935  1.e6
5.65586  1.e6
5.658826  1.e6
5.660317  1.e6
5.665414  1.e6
5.672825  1.e6
5.678624  1.e6
5.683514  1.e6
5.691761  1.e6
5.692808  1.e6
5.694175  1.e6
5.695881  1.e6
5.698834  1.e6
5.698985  1.e6
5.70238  1.e6
5.704972  1.e6
5.705832  1.e6
5.70998  1.e6
5.714537  1.e6
5.716077  1.e6
5.71636  1.e6
5.720643  1.e6
5.721418  1.e6
5.722197  1.e6
5.722399  1.e6
5.724122  1.e6
5.725355  1.e6
5.726463  1.e6
5.729994  1.e6
5.730263  1.e6
5.732756  1.e6
5.73488  1.e6
5.736848  1.e6
5.738345  1.e6
5.739573  1.e6
5.740503  1.e6
5.740946  1.e6
5.743238  1.e6
5.745392  1.e6
5.747777  1.e6
5.750459  1.e6
5.751697  1.e6
5.75445  1.e6
5.756826  1.e6
5.757176  1.e6
5.758568  1.e6
5.758874  1.e6
5.76119  1.e6
5.763136  1.e6
5.766526  1.e6
5.766952  1.e6
5.769264  1.e6
5.770366  1.e6
5.770849  1.e6
5.772038  1.e6
5.773542  1.e6
5.775532  1.e6
5.781296  1.e6
5.782938  1.e6
5.784276  1.e6
5.788287  1.e6
5.78873  1.e6
5.789824  1.e6
5.791946  1.e6
5.797618  1.e6
5.798915  1.e6
5.799123  1.e6
5.799267  1.e6
5.799269  1.e6
5.802743  1.e6
5.805129  1.e6
5.805819  1.e6
5.808597  1.e6
5.809621  1.e6
5.810982  1.e6
5.811565  1.e6
5.81204  1.e6
5.81227  1.e6
5.815193  1.e6
5.818787  1.e6
5.821109  1.e6
5.82231  1.e6
5.828356  1.e6
5.828431  1.e6
5.830505  1.e6
5.831786  1.e6
5.833619  1.e6
5.839532  1.e6
5.841328  1.e6
5.841684  1.e6
5.843905  1.e6
5.845219  1.e6
5.845932  1.e6
5.84598  1.e6
5.850554  1.e6
5.851457  1.e6
5.85761  1.e6
5.858506  1.e6
5.860481  1.e6
5.862412  1.e6
5.86456  1.e6
5.871559  1.e6
5.872116  1.e6
5.872518  1.e6
5.879744  1.e6
5.88195  1.e6
5.8838  1.e6
5.883917  1.e6
5.884766  1.e6
5.886943  1.e6
5.887039  1.e6
5.890479  1.e6
5.892655  1.e6
5.894501  1.e6
5.895913  1.e6
5.899297  1.e6
5.911064  1.e6
5.914444  1.e6
5.915643  1.e6
5.915672  1.e6
5.920348  1.e6
5.922113  1.e6
5.925993  1.e6
5.926431  1.e6
5.932221  1.e6
5.934047  1.e6
5.936374  1.e6
5.936614  1.e6
5.938327  1.e6
5.942802  1.e6
5.943109  1.e6
5.943776  1.e6
5.944644  1.e6
5.948505  1.e6
5.95171  1.e6
5.952686  1.e6
5.95295  1.e6
5.960289  1.e6
5.962505  1.e6
5.963623  1.e6
5.968916  1.e6
5.969312  1.e6
5.971138  1.e6
5.971488  1.e6
5.973537  1.e6
5.976282  1.e6
5.978531  1.e6
5.979195  1.e6
5.982705  1.e6
5.983133  1.e6
5.983359  1.e6
5.984806  1.e6
5.985198  1.e6
5.985523  1.e6
5.986797  1.e6
5.987121  1.e6
5.991871  1.e6
5.992951  1.e6
5.994023  1.e6
5.994493  1.e6
5.995298  1.e6
5.998242  1.e6
5.998784  1.e6
5.999655  1.e6
6.003418  1.e6
6.006688  1.e6
6.009381  1.e6
6.020465  1.e6
6.025838  1.e6
6.026571  1.e6
6.027522  1.e6
6.029815  1.e6
6.030551  1.e6
6.033216  1.e6
6.034015  1.e6
6.035598  1.e6
6.040685  1.e6
6.042156  1.e6
6.043082  1.e6
6.044043  1.e6
6.045364  1.e6
6.045486  1.e6
6.050137  1.e6
6.050474  1.e6
6.050559  1.e6
6.05081  1.e6
6.052268  1.e6
6.055706  1.e6
6.056561  1.e6
6.057238  1.e6
6.05943  1.e6
6.059646  1.e6
6.064087  1.e6
6.064234  1.e6
6.065504  1.e6
6.069579  1.e6
6.071286  1.e6
6.071421  1.e6
6.071752  1.e6
6.074427  1.e6
6.074707  1.e6
6.076419  1.e6
6.07836  1.e6
6.078877  1.e6
6.079896  1.e6
6.086509  1.e6
6.090404  1.e6
6.090507  1.e6
6.09301  1.e6
6.095144  1.e6
6.098653  1.e6
6.099617  1.e6
6.102579  1.e6
6.104164  1.e6
6.106956  1.e6
6.122471  1.e6
6.129149  1.e6
6.129378  1.e6
6.132419  1.e6
6.136485  1.e6
6.138528  1.e6
6.140424  1.e6
6.145022  1.e6
6.146159  1.e6
6.14721  1.e6
6.147382  1.e6
6.149203  1.e6
6.151241  1.e6
6.151536  1.e6
6.16418  1.e6
6.166292  1.e6
6.168104  1.e6
6.169421  1.e6
6.170133  1.e6
6.170828  1.e6
6.180232  1.e6
6.184021  1.e6
6.184228  1.e6
6.18458  1.e6
6.189038  1.e6
6.19336  1.e6
6.193757  1.e6
6.195824  1.e6
6.197928  1.e6
6.199865  1.e6
6.202919  1.e6
6.20998  1.e6
6.211019  1.e6
6.211393  1.e6
6.213561  1.e6
6.214745  1.e6
6.216983  1.e6
6.220244  1.e6
6.22074  1.e6
6.22223  1.e6
6.22309  1.e6
6.224774  1.e6
6.22604  1.e6
6.229019  1.e6
6.229099  1.e6
6.230649  1.e6
6.238204  1.e6
6.239103  1.e6
6.240733  1.e6
6.241275  1.e6
6.242227  1.e6
6.246856  1.e6
6.249327  1.e6
6.252705  1.e6
6.253266  1.e6
6.254169  1.e6
6.256927  1.e6
6.257855  1.e6
6.26112  1.e6
6.26148  1.e6
6.264078  1.e6
6.266877  1.e6
6.266989  1.e6
6.270652  1.e6
6.271705  1.e6
6.271952  1.e6
6.272416  1.e6
6.273088  1.e6
6.273313  1.e6
6.27491  1.e6
6.275086  1.e6
6.28022  1.e6
6.282085  1.e6
6.282207  1.e6
6.287938  1.e6
6.288468  1.e6
6.288735  1.e6
6.288957  1.e6
6.291082  1.e6
6.296185  1.e6
6.299258  1.e6
6.300251  1.e6
6.302198  1.e6
6.302939  1.e6
6.304492  1.e6
6.308708  1.e6
6.30994  1.e6
6.312217  1.e6
6.32209  1.e6
6.323914  1.e6
6.325418  1.e6
6.328458  1.e6
6.338433  1.e6
6.341766  1.e6
6.34257  1.e6
6.343031  1.e6
6.345318  1.e6
6.352707  1.e6
6.353311  1.e6
6.353705  1.e6
6.353755  1.e6
6.355223  1.e6
6.357896  1.e6
6.358808  1.e6
6.35942  1.e6
6.360743  1.e6
6.36078  1.e6
6.364736  1.e6
6.364982  1.e6
6.366268  1.e6
6.367821  1.e6
6.374059  1.e6
6.379701  1.e6
6.380026  1.e6
6.380125  1.e6
6.380189  1.e6
6.380327  1.e6
6.381465  1.e6
6.382612  1.e6
6.383843  1.e6
6.387071  1.e6
6.387602  1.e6
6.39054  1.e6
6.3921  1.e6
6.394438  1.e6
6.396816  1.e6
6.398858  1.e6
6.399942  1.e6
6.402939  1.e6
6.403989  1.e6
6.405395  1.e6
6.407878  1.e6
6.408854  1.e6
6.409639  1.e6
6.416339  1.e6
6.417171  1.e6
6.41933  1.e6
6.419712  1.e6
6.421629  1.e6
6.422299  1.e6
6.428285  1.e6
6.42883  1.e6
6.430973  1.e6
6.43359  1.e6
6.436115  1.e6
6.443429  1.e6
6.454341  1.e6
6.454845  1.e6
6.457262  1.e6
6.45751  1.e6
6.459463  1.e6
6.463232  1.e6
6.464731  1.e6
6.465004  1.e6
6.465923  1.e6
6.46601  1.e6
6.466418  1.e6
6.468732  1.e6
6.468865  1.e6
6.470572  1.e6
6.476437  1.e6
6.479988  1.e6
6.480833  1.e6
6.481002  1.e6
6.483247  1.e6
6.487044  1.e6
6.49  1.e6
6.492319  1.e6
6.495442  1.e6
6.497158  1.e6
6.498385  1.e6
6.499577  1.e6
6.502141  1.e6
6.50217  1.e6
6.50428  1.e6
6.507729  1.e6
6.508021  1.e6
6.508752  1.e6
6.510077  1.e6
6.514223  1.e6
6.515767  1.e6
6.51593  1.e6
6.517821  1.e6
6.519034  1.e6
6.519805  1.e6
6.520617  1.e6
6.527977  1.e6
6.530247  1.e6
6.532455  1.e6
6.535428  1.e6
6.537776  1.e6
6.538925  1.e6
6.539087  1.e6
6.540628  1.e6
6.540781  1.e6
6.540944  1.e6
6.54098  1.e6
6.549568  1.e6
6.549765  1.e6
6.550957  1.e6
6.553524  1.e6
6.556946  1.e6
6.558838  1.e6
6.559134  1.e6
6.559964  1.e6
6.565621  1.e6
6.566846  1.e6
6.568372  1.e6
6.573378  1.e6
6.5747  1.e6
6.576298  1.e6
6.576347  1.e6
6.576884  1.e6
6.578351  1.e6
6.580481  1.e6
6.58344  1.e6
6.587484  1.e6
6.589812  1.e6
6.592644  1.e6
6.593781  1.e6
6.59598  1.e6
6.599391  1.e6
6.60234  1.e6
6.603743  1.e6
6.60713  1.e6
6.608987  1.e6
6.610975  1.e6
6.611123  1.e6
6.621042  1.e6
6.622189  1.e6
6.622661  1.e6
6.62399  1.e6
6.625063  1.e6
6.626448  1.e6
6.627933  1.e6
6.630366  1.e6
6.630588  1.e6
6.630834  1.e6
6.639739  1.e6
6.639763  1.e6
6.641017  1.e6
6.64322  1.e6
6.647357  1.e6
6.653535  1.e6
6.66286  1.e6
6.663099  1.e6
6.668524  1.e6
6.66885  1.e6
6.668859  1.e6
6.668874  1.e6
6.672191  1.e6
6.672327  1.e6
6.680259  1.e6
6.680821  1.e6
6.685807  1.e6
6.689986  1.e6
6.696192  1.e6
6.696269  1.e6
6.696839  1.e6
6.698515  1.e6
6.700298  1.e6
6.700519  1.e6
6.702287  1.e6
6.702588  1.e6
6.705584  1.e6
6.706773  1.e6
6.708162  1.e6
6.711964  1.e6
6.714014  1.e6
6.717398  1.e6
6.719777  1.e6
6.722492  1.e6
6.723096  1.e6
6.724197  1.e6
6.726048  1.e6
6.726565  1.e6
6.727738  1.e6
6.731311  1.e6
6.734892  1.e6
6.73565  1.e6
6.736111  1.e6
6.736214  1.e6
6.736413  1.e6
6.736612  1.e6
6.739336  1.e6
6.742669  1.e6
6.744342  1.e6
6.744807  1.e6
6.745333  1.e6
6.745666  1.e6
6.746136  1.e6
6.746159  1.e6
6.746339  1.e6
6.74706  1.e6
6.747247  1.e6
6.751625  1.e6
6.754064  1.e6
6.754159  1.e6
6.754424  1.e6
6.755594  1.e6
6.75722  1.e6
6.759658  1.e6
6.75982  1.e6
6.760286  1.e6
6.760339  1.e6
6.760506  1.e6
6.761555  1.e6
6.762493  1.e6
6.763018  1.e6
6.764373  1.e6
6.768893  1.e6
6.769498  1.e6
6.771802  1.e6
6.77206  1.e6
6.773564  1.e6
6.773964  1.e6
6.774397  1.e6
6.774696  1.e6
6.776168  1.e6
6.779067  1.e6
6.78051  1.e6
6.781617  1.e6
6.782341  1.e6
6.783822  1.e6
6.785736  1.e6
6.785876  1.e6
6.786102  1.e6
6.78654  1.e6
6.789365  1.e6
6.789581  1.e6
6.794019  1.e6
6.799704  1.e6
6.801404  1.e6
6.802618  1.e6
6.810063  1.e6
6.812962  1.e6
6.813221  1.e6
6.815775  1.e6
6.816713  1.e6
6.817764  1.e6
6.820213  1.e6
6.821149  1.e6
6.821788  1.e6
6.821902  1.e6
6.82292  1.e6
6.826487  1.e6
6.827304  1.e6
6.829676  1.e6
6.83039  1.e6
6.834664  1.e6
6.83512  1.e6
6.835473  1.e6
6.837199  1.e6
6.842369  1.e6
6.842641  1.e6
6.843738  1.e6
6.844026  1.e6
6.845156  1.e6
6.847597  1.e6
6.849507  1.e6
6.853584  1.e6
6.856111  1.e6
6.857788  1.e6
6.85838  1.e6
6.860945  1.e6
6.860967  1.e6
6.861629  1.e6
6.864663  1.e6
6.868029  1.e6
6.872098  1.e6
6.872854  1.e6
6.872986  1.e6
6.874319  1.e6
6.875635  1.e6
6.875734  1.e6
6.87711  1.e6
6.882232  1.e6
6.890493  1.e6
6.892709  1.e6
6.89289  1.e6
6.894976  1.e6
6.896572  1.e6
6.898252  1.e6
6.89959  1.e6
6.90069  1.e6
6.902464  1.e6
6.907732  1.e6
6.908719  1.e6
6.910686  1.e6
6.915553  1.e6
6.915594  1.e6
6.919122  1.e6
6.921839  1.e6
6.923314  1.e6
6.926971  1.e6
6.928265  1.e6
6.934082  1.e6
6.934193  1.e6
6.94063  1.e6
6.941224  1.e6
6.941452  1.e6
6.941829  1.e6
6.945694  1.e6
6.945964  1.e6
6.950165  1.e6
6.95129  1.e6
6.951997  1.e6
6.952196  1.e6
6.952372  1.e6
6.954937  1.e6
6.961626  1.e6
6.963946  1.e6
6.964414  1.e6
6.968664  1.e6
6.970332  1.e6
6.972509  1.e6
6.973927  1.e6
6.975615  1.e6
6.975694  1.e6
6.976777  1.e6
6.978843  1.e6
6.980501  1.e6
6.983093  1.e6
6.984517  1.e6
6.990915  1.e6
6.993238  1.e6
6.994343  1.e6