0.2079564  0.01129942
0.2102637  0.01102557
0.2106775  0.01097646
0.2131121  0.0106875
0.2140741  0.01057333
0.2141154  0.01056842
0.2178145  0.01012938
0.2182517  0.0100775
0.2189936  0.009989442
0.2202649  0.009838553
0.2209063  0.009762424
0.2210201  0.009748922
0.2211439  0.00973423
0.2221025  0.009620455
0.2265204  0.009096098
0.229514  0.0087408
0.2315352  0.008589417
0.2324752  0.008550633
0.2334554  0.008510197
0.2350573  0.008444106
0.2373884  0.008347935
0.2407464  0.008209398
0.2431066  0.008112029
0.2444854  0.008055144
0.2450929  0.008030083
0.2476417  0.007924929
0.2490512  0.00786678
0.2499864  0.007828197
0.2542036  0.007654211
0.2567856  0.007547691
0.2575934  0.007514366
0.2578035  0.007505696
0.2578758  0.007502712
0.258836  0.007463098
0.2616773  0.007345877
0.26411  0.007245517
0.2652158  0.007199897
0.2670193  0.007125493
0.2676474  0.007099577
0.2677015  0.007097347
0.2679037  0.007089004
0.2718621  0.006925698
0.2725092  0.006898999
0.2728902  0.006883283
0.2740706  0.006834582
0.2745341  0.006815461
0.2766288  0.006729044
0.2778534  0.006678522
0.2802837  0.006578257
0.2807177  0.006560353
0.2808207  0.006556104
0.2819313  0.006510286
0.2833543  0.006451576
0.2840269  0.00642383
0.286601  0.006317631
0.2874524  0.006282505
0.2898827  0.006183379
0.2902031  0.006170709
0.2915267  0.006118359
0.2923283  0.006086654
0.2924423  0.006082146
0.2924966  0.006079999
0.2928271  0.006066927
0.2942048  0.006012435
0.2946841  0.005993482
0.2953384  0.005967603
0.2964216  0.005924762
0.2980891  0.005858808
0.2986029  0.005838488
0.299608  0.005798734
0.2998728  0.005788262
0.3017307  0.005714782
0.3026986  0.005676498
0.3035864  0.005641388
0.3046043  0.005601127
0.3048153  0.005592783
0.3055089  0.005565349
0.3070392  0.005504823
0.3093428  0.005413714
0.3100405  0.005386119
0.3139858  0.005230078
0.3177296  0.005082009
0.3202511  0.004982279
0.3208113  0.004960125
0.320877  0.004957524
0.3231736  0.004866694
0.3238369  0.00484046
0.3265795  0.004731985
0.3291615  0.004629866
0.3296421  0.004610857
0.3299982  0.004596773
0.3300414  0.004595064
0.3313538  0.00454316
0.336025  0.004398318
0.3373707  0.004365047
0.3387121  0.004331883
0.3410555  0.004273944
0.3432581  0.004219489
0.3440555  0.004199772
0.3455038  0.004163965
0.3463417  0.004143249
0.3484226  0.004091802
0.3492963  0.0040702
0.3517202  0.004010271
0.3520975  0.004000945
0.3564216  0.003894035
0.3571128  0.003876948
0.3599741  0.003806204
0.3613183  0.003772972
0.3659104  0.003659437
0.3664222  0.003646782
0.3680562  0.003606385
0.3690047  0.003582933
0.3693812  0.003573625
0.3695168  0.003570274
0.3715378  0.003520306
0.3716113  0.003518488
0.3720419  0.003507841
0.3727243  0.003490971
0.3734855  0.003472152
0.3757392  0.003416432
0.3785199  0.003347681
0.3792384  0.003329917
0.3827101  0.003247938
0.3841381  0.003228042
0.3842003  0.003227175
0.3844749  0.003223348
0.3908251  0.00313487
0.3910604  0.003131591
0.3910751  0.003131387
0.391173  0.003130022
0.392362  0.003113456
0.3942468  0.003087194
0.3944885  0.003083827
0.3953055  0.003072444
0.4011405  0.002991143
0.4022238  0.00297605
0.4030338  0.002964764
0.4049836  0.002937596
0.4103377  0.002862997
0.412252  0.002836325
0.4135253  0.002818584
0.4144802  0.002805278
0.4145594  0.002804175
0.4145992  0.002803621
0.4149913  0.002798157
0.4153513  0.002793141
0.4154043  0.002792403
0.4157978  0.002786921
0.4174491  0.002763912
0.4184408  0.002750095
0.4198881  0.00272993
0.4251081  0.002657198
0.4262572  0.002641187
0.4360974  0.002504081
0.4387265  0.00246745
0.4409374  0.002436645
0.4410904  0.002434513
0.4411112  0.002434223
0.4419934  0.002423322
0.4450877  0.002385476
0.4458265  0.00237644
0.4477554  0.002352848
0.4481444  0.002348091
0.4501954  0.002323006
0.4506784  0.002317097
0.4557897  0.002254583
0.4567892  0.002242357
0.46047  0.002197339
0.4621742  0.002176495
0.4627534  0.00216941
0.464033  0.00215376
0.4651396  0.002140225
0.4701263  0.002079234
0.4704984  0.002074683
0.4709167  0.002069567
0.4723649  0.002051854
0.4742963  0.002028232
0.4751504  0.002017785
0.4777023  0.001986574
0.4837155  0.001913027
0.4841462  0.00190776
0.4848494  0.001899158
0.4878804  0.001871563
0.4902315  0.001851422
0.4907102  0.001847321
0.490868  0.00184597
0.4939875  0.001819245
0.4942243  0.001817217
0.4972125  0.001791618
0.4976587  0.001787795
0.4985786  0.001779914
0.4996729  0.00177054
0.5035915  0.00173697
0.5047589  0.00172697
0.506285  0.001713896
0.5086584  0.001693564
0.5096112  0.001685401
0.5118793  0.001665971
0.5120365  0.001664624
0.5127974  0.001658106
0.5132408  0.001654308
0.5168605  0.001623299
0.5183142  0.001610845
0.519895  0.001597303
0.5201109  0.001595453
0.5208492  0.001589128
0.5211022  0.001586961
0.5259747  0.00154522
0.5285037  0.001523554
0.5320613  0.001493077
0.5347545  0.00147198
0.5348407  0.001471628
0.5354956  0.001468951
0.5372277  0.001461871
0.5442183  0.001433298
0.5446891  0.001431374
0.5482468  0.001416833
0.5540691  0.001393035
0.5546286  0.001390749
0.5552922  0.001388036
0.5557375  0.001386216
0.5564066  0.001383481
0.5564834  0.001383167
0.5566532  0.001382473
0.5591789  0.00137215
0.5593963  0.001371261
0.5610153  0.001364644
0.5624003  0.001358983
0.5624785  0.001358664
0.5677094  0.001337283
0.5691163  0.001331533
0.570117  0.001327443
0.5756549  0.001304808
0.5797861  0.001287922
0.5802612  0.00128598
0.5815366  0.001280767
0.5818893  0.001279326
0.5824762  0.001276927
0.5825098  0.00127679
0.5843882  0.001269112
0.5850542  0.00126639
0.5851285  0.001266086
0.587687  0.001255629
0.5879539  0.001254538
0.5880152  0.001254288
0.5881897  0.001253574
0.5900398  0.001246012
0.5900648  0.00124591
0.591455  0.001240228
0.5948006  0.001226553
0.5972844  0.001216401
0.6000122  0.001205252
0.6014307  0.001199454
0.604044  0.001189131
0.6049305  0.001185795
0.605055  0.001185327
0.6060965  0.001181408
0.6063986  0.001180271
0.6090621  0.001170249
0.6112415  0.001162049
0.6112599  0.00116198
0.6128901  0.001155846
0.6135903  0.001153211
0.6173258  0.001139156
0.6201359  0.001128582
0.6206569  0.001126622
0.6223417  0.001120282
0.6246568  0.001111571
0.6254319  0.001108655
0.6256739  0.001107744
0.6266436  0.001104096
0.6338259  0.001077071
0.6380862  0.001061041
0.6403665  0.001052461
0.6442783  0.001037742
0.6445042  0.001036892
0.6452386  0.001034128
0.646687  0.001028678
0.6513095  0.001011286
0.6517045  0.001009799
0.6527801  0.001005752
0.6543133  0.0009999832
0.6548001  0.0009981515
0.6570375  0.0009897331
0.6608644  0.0009753335
0.6636612  0.0009648101
0.6638892  0.0009639522
0.6649774  0.0009598576
0.6672658  0.0009518423
0.6701384  0.0009438874
0.6702034  0.0009437075
0.6718421  0.0009391695
0.6723765  0.0009376897
0.6726018  0.0009370656
0.6758655  0.0009280276
0.676236  0.0009270017
0.677189  0.0009243626
0.6785798  0.0009205111
0.679831  0.0009170463
0.6857722  0.0009005939
0.6865738  0.000898374
0.6868067  0.000897729
0.6870143  0.0008971541
0.6875517  0.000895666
0.6909111  0.000886363
0.6951972  0.0008744937
0.6958401  0.0008727136
0.6972119  0.0008689148
0.6974111  0.0008683629
0.6979787  0.0008667911
0.6984306  0.0008655398
0.700366  0.0008601803
0.7004867  0.000859846
0.702357  0.0008546667
0.7049561  0.0008474693
0.7050122  0.0008473139
0.7050407  0.0008472348
0.7060614  0.0008444085
0.7097172  0.0008342846
0.7144469  0.0008211869
0.7149557  0.0008197779
0.7157933  0.0008174586
0.7175069  0.0008127132
0.7234175  0.0007963455
0.7251176  0.0007916373
0.726904  0.0007866906
0.728886  0.0007812019
0.7330823  0.0007695814
0.7338682  0.0007674049
0.7355118  0.0007628536
0.7383853  0.0007548961
0.7401768  0.0007499349
0.7462151  0.0007332135
0.7476578  0.0007292184
0.7484953  0.0007268993
0.748611  0.0007265789
0.7492997  0.0007246717
0.7530491  0.0007172463
0.7575022  0.0007092338
0.7585538  0.0007073417
0.7654928  0.0006948565
0.7675987  0.0006910674
0.7681826  0.0006900168
0.7706447  0.0006855869
0.770923  0.0006850862
0.7718925  0.0006833417
0.7721642  0.0006828529
0.7735886  0.0006802901
0.7746177  0.0006784383
0.7754503  0.0006769402
0.7782245  0.0006719488
0.778771  0.0006709654
0.77997  0.0006688081
0.7802763  0.0006682569
0.7822902  0.0006646334
0.7823623  0.0006645036
0.7837182  0.000662064
0.7841388  0.0006613072
0.7844528  0.0006607422
0.7852323  0.0006593398
0.7891544  0.0006522828
0.7927061  0.0006458924
0.7944131  0.0006428209
0.7947941  0.0006421354
0.79845  0.0006355574
0.7998272  0.0006330795
0.800424  0.0006320058
0.8006075  0.0006316755
0.8015655  0.0006299518
0.8015741  0.0006299363
0.805223  0.000623371
0.8052726  0.0006232818
0.8057288  0.000622461
0.8078915  0.0006185697
0.8088078  0.000616921
0.809677  0.0006155149
0.8132782  0.000609702
0.8133641  0.0006095634
0.8137952  0.0006088675
0.8153771  0.0006063139
0.815447  0.0006062012
0.8183736  0.000601477
0.8230128  0.0005939886
0.8241975  0.0005920763
0.825752  0.000589567
0.8258751  0.0005893684
0.8267341  0.0005879818
0.8276075  0.0005865719
0.8278486  0.0005861827
0.8298815  0.0005829013
0.8306371  0.0005816816
0.8319365  0.0005795841
0.8321702  0.000579207
0.8341124  0.0005760718
0.8359083  0.0005731729
0.8368927  0.0005715839
0.8380066  0.000569786
0.8395809  0.0005672447
0.8399113  0.0005667114
0.8446337  0.0005590886
0.8453028  0.0005580086
0.8489292  0.0005521549
0.8523213  0.0005466794
0.8525638  0.000546288
0.8549226  0.0005424805
0.8551445  0.0005421222
0.8554368  0.0005416505
0.855997  0.0005407461
0.8584726  0.00053675
0.8587677  0.0005362738
0.8595168  0.0005350645
0.8597974  0.0005346117
0.8617354  0.0005314833
0.8619069  0.0005312065
0.8639142  0.0005279664
0.867608  0.000522004
0.868802  0.0005200766
0.869493  0.0005189612
0.8707779  0.0005168871
0.8752014  0.0005097468
0.8758508  0.0005086986
0.875983  0.0005084852
0.8777717  0.0005057818
0.8786177  0.0005049014
0.8789354  0.0005045707
0.8798371  0.0005036324
0.8813111  0.0005020983
0.8819797  0.0005014026
0.8824631  0.0005008995
0.8827281  0.0005006236
0.8835602  0.0004997577
0.884181  0.0004991117
0.8845636  0.0004987134
0.8847565  0.0004985127
0.8862408  0.000496968
0.887878  0.0004952641
0.8891566  0.0004939335
0.8891611  0.0004939288
0.8915792  0.0004914123
0.8926435  0.0004903047
0.8940532  0.0004888376
0.8943078  0.0004885726
0.8959169  0.0004868981
0.8971935  0.0004855694
0.897883  0.000484852
0.8987049  0.0004839966
0.8988967  0.000483797
0.8989952  0.0004836944
0.9021677  0.0004803928
0.9030936  0.0004794293
0.9040734  0.0004784095
0.9044202  0.0004780487
0.9066927  0.0004756837
0.9070781  0.0004752826
0.909501  0.000472761
0.910772  0.0004714383
0.9118375  0.0004703294
0.9126673  0.0004694658
0.9127738  0.000469355
0.9132801  0.0004688281
0.9164976  0.0004654797
0.9193114  0.0004625514
0.9223934  0.0004593439
0.922805  0.0004589155
0.9272335  0.0004543068
0.9293061  0.0004521498
0.93035  0.0004510634
0.9330268  0.0004482777
0.9337646  0.0004475099
0.9342293  0.0004470262
0.9408086  0.0004401792
0.9431441  0.0004377486
0.9450645  0.00043575
0.9459558  0.0004348224
0.9478192  0.0004328832
0.9495578  0.0004310738
0.9499074  0.00043071
0.9501232  0.0004304854
0.9505593  0.0004300316
0.9512056  0.000429359
0.9517068  0.0004288374
0.9538298  0.0004266279
0.9547553  0.0004256648
0.9553487  0.0004250472
0.9564099  0.0004239428
0.956835  0.0004235005
0.9568905  0.0004234427
0.9590113  0.0004212356
0.9590585  0.0004211864
0.9602111  0.000419987
0.9613619  0.0004187892
0.962523  0.000417581
0.9662814  0.0004136695
0.968535  0.0004113242
0.9685677  0.0004112902
0.970148  0.0004096456
0.9725412  0.0004071549
0.9726196  0.0004070733
0.9763593  0.0004031815
0.9776896  0.000401797
0.9832249  0.0003960364
0.9836408  0.0003956035
0.9864933  0.0003929149
0.9872224  0.0003923262
0.9876027  0.0003920192
0.9876261  0.0003920004
0.9898632  0.0003901943
0.9922757  0.0003882467
0.99288  0.0003877588
0.9930213  0.0003876448
0.9950915  0.0003859735
0.9952424  0.0003858517
0.9967454  0.0003846383
0.9985233  0.000383203
1.000703  0.0003814434
1.00124  0.0003810095
1.002228  0.000380212
1.002311  0.0003801451
1.00235  0.0003801137
1.00255  0.0003799521
1.00404  0.0003787491
1.006531  0.0003767387
1.011025  0.0003731102
1.011246  0.0003729317
1.01183  0.0003724604
1.012838  0.0003716467
1.013012  0.0003715061
1.01378  0.0003708859
1.014747  0.0003701058
1.014952  0.0003699398
1.015385  0.0003695905
1.019497  0.0003662707
1.019498  0.00036627
1.021497  0.0003646563
1.022767  0.0003636309
1.024559  0.0003621843
1.025096  0.000361751
1.02824  0.0003592124
1.031029  0.0003569607
1.031084  0.0003569167
1.033091  0.0003552967
1.036581  0.0003524792
1.036685  0.0003523951
1.038006  0.0003513287
1.039681  0.0003499762
1.041037  0.0003488815
1.041126  0.0003488099
1.043838  0.0003466207
1.045796  0.0003450393
1.047076  0.0003440066
1.047671  0.0003435257
1.047734  0.0003434755
1.048786  0.0003426262
1.050103  0.0003415624
1.050518  0.0003412274
1.054671  0.0003378751
1.05576  0.0003369956
1.056097  0.000336724
1.056355  0.0003365157
1.056701  0.0003362364
1.058292  0.0003349518
1.062924  0.000331212
1.062935  0.0003312032
1.064156  0.0003302174
1.068128  0.0003270106
1.070737  0.0003249044
1.07075  0.0003248943
1.0741  0.0003221896
1.075017  0.0003214494
1.075787  0.0003208275
1.076541  0.0003202194
1.077155  0.0003197231
1.077775  0.000319223
1.077977  0.0003190598
1.078222  0.0003188624
1.078264  0.0003188279
1.07933  0.0003179675
1.083002  0.0003150035
1.08482  0.0003138452
1.085201  0.0003136165
1.086687  0.0003127264
1.087826  0.0003120441
1.088528  0.0003116232
1.088984  0.00031135
1.089798  0.0003108623
1.091498  0.0003098435
1.091569  0.0003098014
1.091621  0.0003097703
1.092266  0.0003093837
1.093574  0.0003085999
1.09767  0.0003061456
1.097774  0.0003060832
1.098376  0.0003057227
1.099396  0.0003051116
1.106529  0.0003008377
1.107577  0.0003002098
1.107956  0.000299983
1.113859  0.0002964457
1.117493  0.0002942686
1.117555  0.0002942314
1.117857  0.0002940506
1.11921  0.0002932396
1.120033  0.000292747
1.122394  0.0002913318
1.122501  0.000291268
1.123363  0.0002907517
1.123715  0.0002905404
1.127749  0.0002881238
1.129842  0.0002868699
1.133306  0.000284794
1.135802  0.0002832986
1.136221  0.0002830473
1.138358  0.0002817669
1.140193  0.0002806675
1.141549  0.0002798552
1.142628  0.0002792089
1.14272  0.0002791536
1.148462  0.0002757131
1.148984  0.0002754004
1.150293  0.0002746164
1.150712  0.0002743654
1.15223  0.0002734554
1.152666  0.0002731942
1.153178  0.0002728879
1.153924  0.0002724404
1.155218  0.0002716655
1.155407  0.0002715519
1.156764  0.000270739
1.157003  0.0002705958
1.159088  0.0002693467
1.159192  0.0002692841
1.166917  0.000264656
1.16989  0.0002628743
1.171755  0.000261757
1.184482  0.0002541316
1.184865  0.000253902
1.187334  0.0002524229
1.189032  0.0002514057
1.191584  0.0002498765
1.191901  0.0002496863
1.192977  0.0002490419
1.193545  0.0002487017
1.193578  0.0002486814
1.194774  0.0002479648
1.197121  0.000246559
1.197916  0.0002460824
1.199712  0.0002450062
1.199803  0.0002449518
1.199811  0.0002449468
1.199975  0.0002448487
1.201052  0.0002442033
1.203841  0.0002425325
1.204382  0.0002422086
1.205572  0.0002414953
1.207196  0.0002405222
1.208456  0.0002397672
1.210116  0.0002387729
1.211711  0.0002378173
1.21178  0.0002377758
1.214027  0.0002364295
1.217707  0.0002346145
1.21832  0.0002343655
1.219804  0.0002337627
1.220002  0.0002336824
1.222769  0.0002325586
1.223154  0.0002324023
1.224203  0.0002319761
1.22516  0.0002315874
1.22601  0.000231242
1.227093  0.0002308022
1.227543  0.0002306194
1.230235  0.0002295261
1.230648  0.0002293582
1.230967  0.0002292287
1.233179  0.0002283304
1.233501  0.0002281995
1.234228  0.0002279045
1.234411  0.00022783
1.234971  0.0002276027
1.236092  0.0002271471
1.236143  0.0002271263
1.236569  0.0002269535
1.237618  0.0002265276
1.238346  0.0002262319
1.239335  0.0002258299
1.241072  0.0002251243
1.241194  0.000225075
1.241427  0.0002249803
1.241872  0.0002247997
1.242292  0.0002246289
1.243947  0.000223957
1.244504  0.0002237308
1.245087  0.0002234936
1.245356  0.0002233847
1.245513  0.0002233209
1.246781  0.0002228059
1.250782  0.0002211806
1.251677  0.0002208171
1.258268  0.0002181403
1.259616  0.0002175929
1.261163  0.0002169643
1.263103  0.0002161762
1.263174  0.0002161477
1.265342  0.000215267
1.268435  0.0002140107
1.2691  0.0002137406
1.270533  0.0002131585
1.28097  0.0002089194
1.282929  0.0002081239
1.283886  0.0002077351
1.285416  0.0002071137
1.286264  0.0002067693
1.286322  0.0002067457
1.28656  0.0002066491
1.290618  0.000205001
1.2907  0.0002049675
1.290757  0.0002049444
1.292534  0.0002042225
1.292599  0.0002041962
1.293559  0.0002038065
1.294657  0.0002033603
1.295414  0.0002030528
1.297624  0.0002021551
1.301457  0.0002005984
1.302092  0.0002003406
1.30322  0.0001998823
1.303224  0.0001998808
1.306539  0.0001985343
1.308273  0.0001978301
1.308833  0.0001976027
1.309592  0.0001972943
1.310824  0.0001967938
1.311992  0.0001963194
1.31352  0.0001956991
1.313957  0.0001955213
1.315357  0.0001949527
1.316843  0.0001943494
1.317847  0.0001939415
1.318843  0.000193537
1.32014  0.0001930101
1.322475  0.0001920619
1.326235  0.0001905347
1.32663  0.0001903741
1.327545  0.0001900024
1.327639  0.0001899644
1.336612  0.0001863197
1.33667  0.0001862962
1.337376  0.0001860094
1.337476  0.0001859691
1.337512  0.0001859541
1.33888  0.0001854913
1.340723  0.0001850075
1.341603  0.0001847767
1.345537  0.0001837441
1.348454  0.0001829785
1.351531  0.0001821708
1.351633  0.0001821441
1.354963  0.0001812702
1.357498  0.0001806048
1.358923  0.0001802308
1.359722  0.0001800212
1.362013  0.0001794198
1.363784  0.0001789549
1.364623  0.0001787348
1.365785  0.0001784298
1.365937  0.0001783899
1.367316  0.0001780278
1.369055  0.0001775714
1.369909  0.0001773474
1.371656  0.0001768889
1.373257  0.0001764687
1.374253  0.0001762072
1.374517  0.000176138
1.375314  0.0001759288
1.378327  0.000175138
1.379087  0.0001749384
1.379631  0.0001747957
1.379643  0.0001747926
1.381882  0.000174205
1.384586  0.0001734953
1.385362  0.0001732914
1.386832  0.0001729057
1.388823  0.000172383
1.390067  0.0001720566
1.390417  0.0001719647
1.391294  0.0001717345
1.392127  0.000171516
1.394188  0.0001709749
1.394581  0.0001708717
1.395919  0.0001705207
1.39694  0.0001702528
1.397047  0.0001702245
1.397982  0.0001699793
1.401011  0.0001691841
1.402399  0.0001688199
1.402752  0.0001687274
1.402946  0.0001686764
1.403385  0.0001685612
1.403668  0.0001684867
1.404401  0.0001682944
1.404619  0.0001682373
1.406206  0.0001678207
1.407842  0.0001673914
1.411806  0.0001663508
1.412426  0.0001661882
1.41331  0.000165956
1.419948  0.000164214
1.420269  0.0001641297
1.423294  0.0001633357
1.42406  0.0001631347
1.425198  0.000162836
1.431635  0.0001611465
1.433654  0.0001606165
1.434275  0.0001604537
1.434619  0.0001603633
1.435987  0.0001600043
1.437214  0.0001596822
1.437333  0.0001596509
1.438247  0.0001594112
1.438912  0.0001592366
1.442064  0.0001584093
1.442226  0.0001583668
1.443598  0.0001580066
1.443912  0.0001579241
1.444214  0.0001578449
1.44568  0.0001574602
1.448122  0.0001568192
1.449761  0.0001563892
1.455137  0.000154978
1.455233  0.0001549529
1.455309  0.000154933
1.457841  0.0001542684
1.45823  0.0001541662
1.458271  0.0001541556
1.46179  0.000153232
1.463578  0.0001527627
1.464922  0.00015241
1.468516  0.0001514666
1.469476  0.0001512146
1.470976  0.0001508209
1.471398  0.00015071
1.475026  0.0001497578
1.475375  0.0001496665
1.475461  0.0001496437
1.478939  0.0001487309
1.480084  0.0001484304
1.481724  0.0001480001
1.48194  0.0001479434
1.484053  0.0001473886
1.48454  0.0001472608
1.485373  0.0001470423
1.486521  0.0001467409
1.488781  0.0001461477
1.48933  0.0001460037
1.489371  0.0001459928
1.492099  0.0001452769
1.493972  0.0001447854
1.494729  0.0001445866
1.494888  0.000144545
1.495594  0.0001444146
1.499203  0.0001438674
1.499625  0.0001438033
1.502447  0.0001433755
1.502478  0.0001433707
1.50998  0.0001422333
1.513543  0.000141693
1.51381  0.0001416525
1.514484  0.0001415504
1.515016  0.0001414697
1.51526  0.0001414327
1.515673  0.0001413701
1.517056  0.0001411605
1.517108  0.0001411526
1.518101  0.0001410019
1.519573  0.0001407788
1.520202  0.0001406835
1.521219  0.0001405292
1.524524  0.0001400281
1.52558  0.000139868
1.52683  0.0001396785
1.530447  0.0001391301
1.532645  0.0001387968
1.540436  0.0001376154
1.543994  0.000137076
1.544527  0.0001369951
1.546151  0.0001367489
1.547239  0.0001365839
1.547356  0.0001365663
1.5475  0.0001365443
1.548639  0.0001363717
1.5502  0.000136135
1.552811  0.0001357392
1.555823  0.0001352824
1.556824  0.0001351307
1.558539  0.0001348706
1.558758  0.0001348375
1.560135  0.0001346287
1.56052  0.0001345702
1.563582  0.0001341061
1.563709  0.0001340867
1.565062  0.0001338816
1.569265  0.0001332443
1.569577  0.0001331969
1.570466  0.0001330622
1.571946  0.0001328378
1.573039  0.0001326721
1.574017  0.0001325237
1.575256  0.000132336
1.580717  0.0001315079
1.581584  0.0001313764
1.583141  0.0001311404
1.586027  0.0001307028
1.586113  0.0001306897
1.588915  0.0001302649
1.591216  0.000129916
1.591595  0.0001298585
1.592274  0.0001297556
1.592436  0.0001297311
1.593265  0.0001296053
1.593511  0.000129568
1.5943  0.0001294485
1.595946  0.0001291988
1.5979  0.0001289025
1.598271  0.0001288464
1.599347  0.0001286832
1.600264  0.0001285441
1.600557  0.0001284997
1.600633  0.0001284881
1.601629  0.0001283372
1.602213  0.0001282485
1.602398  0.0001282206
1.605603  0.0001277346
1.608015  0.0001273688
1.609975  0.0001270718
1.610606  0.000126976
1.611116  0.0001268987
1.617078  0.0001259947
1.618998  0.0001257036
1.620167  0.0001255264
1.62071  0.000125444
1.62252  0.0001251696
1.625349  0.0001247407
1.625969  0.0001246467
1.628361  0.000124284
1.629544  0.0001241046
1.632963  0.0001235861
1.634235  0.0001233934
1.634798  0.000123308
1.635715  0.000123169
1.636065  0.0001231158
1.64169  0.0001222629
1.642912  0.0001220777
1.644426  0.0001218481
1.644564  0.0001218272
1.644992  0.0001217623
1.646302  0.0001215636
1.646712  0.0001215015
1.647738  0.000121346
1.648104  0.0001212904
1.649568  0.0001210685
1.651538  0.0001207698
1.651661  0.0001207512
1.656845  0.0001199652
1.657606  0.0001198497
1.659451  0.0001195699
1.662692  0.0001190786
1.664488  0.0001188063
1.665915  0.0001185899
1.667616  0.000118332
1.669927  0.0001179815
1.670185  0.0001179424
1.675857  0.0001170824
1.676583  0.0001169722
1.677224  0.0001168743
1.678922  0.0001166145
1.680765  0.0001163329
1.686413  0.0001154693
1.686857  0.0001154013
1.687609  0.0001152864
1.688231  0.0001151912
1.689572  0.0001149862
1.692971  0.0001144666
1.69411  0.0001142924
1.695609  0.0001140632
1.697499  0.0001137743
1.698672  0.0001135949
1.700088  0.0001133784
1.700932  0.0001132494
1.702033  0.000113081
1.7047  0.0001126733
1.705465  0.0001125563
1.707787  0.0001122012
1.708143  0.0001121467
1.708854  0.0001120381
1.709882  0.0001118809
1.711959  0.0001115634
1.714388  0.0001111919
1.715301  0.0001110523
1.717149  0.0001107698
1.717399  0.0001107315
1.72498  0.0001095725
1.725639  0.0001094717
1.72869  0.0001090051
1.732221  0.0001084654
1.734268  0.0001081524
1.735593  0.0001079498
1.735702  0.0001079331
1.73913  0.0001074089
1.739247  0.000107391
1.739371  0.0001073722
1.74135  0.0001070695
1.741673  0.0001070202
1.742231  0.0001069348
1.742289  0.0001069259
1.744023  0.0001066609
1.744879  0.00010653
1.74489  0.0001065283
1.745274  0.0001064696
1.745698  0.0001064048
1.746971  0.0001062101
1.751318  0.0001055455
1.754526  0.000105055
1.75529  0.0001049381
1.75583  0.0001048556
1.755832  0.0001048553
1.761061  0.0001040558
1.761596  0.000103974
1.764794  0.0001034851
1.766678  0.0001031969
1.767568  0.0001030608
1.767704  0.0001030401
1.768873  0.0001028613
1.769925  0.0001027005
1.769943  0.0001026977
1.772702  0.0001022759
1.773942  0.0001020863
1.776795  0.00010165
1.777646  0.0001015199
1.777997  0.0001014662
1.778054  0.0001014575
1.780508  0.0001010823
1.781961  0.0001008602
1.782306  0.0001008075
1.783659  0.0001006005
1.787953  0.00009994411
1.789116  0.0000997663
1.790137  0.00009961015
1.791466  0.00009940695
1.796889  0.00009857774
1.797674  0.00009845774
1.797923  0.00009841969
1.797977  0.00009841134
1.798841  0.00009827924
1.801661  0.00009784808
1.802484  0.00009772236
1.806258  0.00009714522
1.808514  0.00009680035
1.810475  0.00009650053
1.810775  0.00009645462
1.812285  0.00009622379
1.814218  0.00009592818
1.814637  0.00009586414
1.815376  0.00009575115
1.818811  0.00009522589
1.819087  0.00009518372
1.819178  0.00009516984
1.819293  0.00009515229
1.819874  0.00009506337
1.82158  0.00009480253
1.824876  0.00009429866
1.825472  0.00009420744
1.826059  0.00009411775
1.82811  0.00009380414
1.82821  0.00009378879
1.830371  0.00009345843
1.832569  0.00009312236
1.834479  0.00009283032
1.835628  0.00009265462
1.839959  0.00009211074
1.840551  0.00009206082
1.8415  0.00009198082
1.842736  0.00009187661
1.843073  0.00009184817
1.844993  0.00009168635
1.846593  0.0000915515
1.848172  0.00009141838
1.849567  0.00009130077
1.855154  0.00009082978
1.858971  0.00009050802
1.859178  0.00009049064
1.859801  0.0000904381
1.86199  0.00009025359
1.864622  0.00009003169
1.865188  0.00008998394
1.870309  0.00008955224
1.870661  0.00008952257
1.871303  0.00008946848
1.871775  0.00008942868
1.875379  0.00008912486
1.882764  0.00008850237
1.883025  0.00008848035
1.88383  0.00008841249
1.883999  0.00008839825
1.88407  0.0000883923
1.88427  0.00008837541
1.887522  0.00008810128
1.887625  0.00008809256
1.888973  0.00008797896
1.891722  0.00008774724
1.892406  0.00008768958
1.892891  0.00008764863
1.895321  0.00008744381
1.895843  0.00008739983
1.89627  0.00008736382
1.896828  0.00008731678
1.898849  0.00008714646
1.900186  0.00008703369
1.90181  0.00008689683
1.904477  0.000086672
1.904823  0.00008664282
1.906794  0.00008647672
1.906851  0.00008647186
1.911127  0.00008611144
1.9112  0.00008610527
1.91218  0.00008602262
1.92137  0.00008524799
1.922601  0.00008514422
1.924177  0.00008501133
1.926504  0.00008481516
1.928972  0.00008460711
1.93014  0.00008450866
1.930719  0.00008445991
1.934514  0.00008413993
1.935141  0.00008408707
1.935549  0.00008405274
1.936522  0.00008397071
1.936929  0.00008393639
1.937594  0.00008388033
1.942567  0.00008346113
1.944963  0.00008325916
1.945152  0.00008324316
1.945209  0.00008323841
1.94608  0.000083165
1.947978  0.000083005
1.953094  0.0000825737
1.953462  0.00008254265
1.955494  0.00008237141
1.955861  0.00008234047
1.957206  0.00008222709
1.958216  0.00008214194
1.960002  0.00008199136
1.960258  0.00008196982
1.964121  0.00008164874
1.964499  0.00008161745
1.966834  0.00008142383
1.969231  0.00008122513
1.969404  0.00008121077
1.969408  0.0000812104
1.97017  0.00008114724
1.973557  0.00008086638
1.974745  0.00008076789
1.977172  0.00008056665
1.977617  0.00008052981
1.97778  0.00008051627
1.979714  0.00008035591
1.98427  0.00007997814
1.984492  0.00007995976
1.984559  0.00007995419
1.99099  0.00007942097
1.992183  0.00007932211
1.995196  0.00007907224
1.99749  0.00007888206
1.998147  0.00007882759
1.999838  0.00007868742
2.000691  0.0000786167
2.001837  0.00007852167
2.002843  0.00007843825
2.005312  0.00007823351
2.009025  0.00007792567
2.012379  0.00007764754
2.015001  0.00007743019
2.016089  0.00007733994
2.016468  0.00007730851
2.01724  0.00007724455
2.019018  0.00007709716
2.019215  0.00007708077
2.021052  0.00007692844
2.025481  0.00007656122
2.026285  0.0000764946
2.030209  0.00007616927
2.03398  0.00007585659
2.035249  0.00007575137
2.035326  0.00007574499
2.038857  0.00007545222
2.040886  0.00007528399
2.042592  0.00007514255
2.045224  0.00007492429
2.045857  0.00007487185
2.047828  0.00007470842
2.049031  0.00007460867
2.052778  0.00007429798
2.053055  0.00007427503
2.053241  0.00007425962
2.054702  0.00007413851
2.055173  0.00007409943
2.060065  0.00007369383
2.061144  0.00007360435
2.067336  0.00007309098
2.0695  0.0000729115
2.070163  0.00007285656
2.07021  0.00007285269
2.07054  0.00007282531
2.071784  0.00007272215
2.072451  0.00007266686
2.075037  0.00007245248
2.075536  0.00007241106
2.075724  0.00007239545
2.077207  0.00007227255
2.077842  0.00007221986
2.078015  0.0000722055
2.07907  0.00007211801
2.079385  0.00007209196
2.079436  0.00007208771
2.081458  0.00007192002
2.085377  0.00007159515
2.086128  0.00007153284
2.086139  0.00007153196
2.087532  0.00007141646
2.09234  0.00007101777
2.094018  0.0000708787
2.094102  0.00007087174
2.094623  0.00007082851
2.096314  0.00007068828
2.097131  0.00007062059
2.097759  0.0000705685
2.098667  0.00007049321
2.098776  0.00007048419
2.099708  0.00007040692
2.104027  0.0000700488
2.10642  0.00006985041
2.109257  0.00006961519
2.111196  0.00006945443
2.112771  0.00006932382
2.11279  0.00006932226
2.114117  0.00006921225
2.11569  0.00006908178
2.118153  0.00006887761
2.121052  0.00006863725
2.121976  0.00006856057
2.123131  0.00006846482
2.123345  0.00006844706
2.125136  0.00006829859
2.126094  0.00006821912
2.127427  0.00006810861
2.129865  0.00006799078
2.130467  0.0000679619
2.131409  0.00006791669
2.135834  0.00006770427
2.138013  0.00006759972
2.139428  0.00006753179
2.140651  0.00006747307
2.143479  0.00006733737
2.145574  0.00006723682
2.148964  0.00006707409
2.15304  0.00006687848
2.153809  0.00006684157
2.155636  0.00006675386
2.15678  0.00006669895
2.157851  0.00006664756
2.159818  0.00006655315
2.160873  0.00006650249
2.164661  0.00006632068
2.171942  0.00006597124
2.172484  0.00006594523
2.173598  0.00006589175
2.178121  0.00006567468
2.180281  0.00006557097
2.181885  0.00006549398
2.183122  0.00006543465
2.184176  0.00006538403
2.184245  0.00006538075
2.184538  0.00006536667
2.185202  0.00006533478
2.196882  0.0000647742
2.197178  0.00006476
2.201343  0.00006456009
2.204648  0.00006440144
2.206332  0.00006432065
2.207858  0.00006424737
2.210486  0.00006412126
2.21103  0.00006409514
2.21231  0.0000640337
2.213256  0.00006398829
2.217246  0.00006379679
2.21753  0.00006378315
2.218915  0.00006371668
2.220916  0.00006362065
2.221839  0.00006357633
2.222739  0.00006353316
2.225896  0.00006338162
2.226167  0.0000633686
2.226186  0.00006336768
2.227848  0.00006328794
2.227981  0.00006328153
2.229532  0.00006320712
2.231256  0.00006312435
2.232655  0.0000630572
2.237066  0.00006284548
2.238339  0.00006278439
2.241681  0.000062624
2.24457  0.00006248533
2.24812  0.00006231494
2.24982  0.00006223334
2.250097  0.00006222005
2.252772  0.00006209166
2.253122  0.00006207486
2.253987  0.00006203333
2.254733  0.00006199756
2.256242  0.00006192512
2.261857  0.00006165562
2.261948  0.00006165126
2.262505  0.0000616245
2.263276  0.00006158751
2.263882  0.00006155844
2.265754  0.00006146855
2.266977  0.00006140987
2.269208  0.00006130281
2.269227  0.0000613019
2.270323  0.00006124281
2.271696  0.00006116461
2.271961  0.00006114951
2.27473  0.00006099168
2.274879  0.0000609832
2.277003  0.00006086212
2.27769  0.00006082297
2.277744  0.00006081992
2.278699  0.00006076545
2.279153  0.00006073957
2.280069  0.00006068738
2.280929  0.00006063834
2.281418  0.00006061047
2.282222  0.00006056469
2.282635  0.00006054113
2.284408  0.0000604401
2.286633  0.00006031327
2.287016  0.00006029143
2.289085  0.00006017354
2.290306  0.00006010394
2.293077  0.00005994601
2.294201  0.00005988197
2.295419  0.00005981254
2.295549  0.00005980515
2.297279  0.00005970652
2.29819  0.00005965461
2.299659  0.00005957088
2.300993  0.00005949486
2.30169  0.00005945513
2.302153  0.00005942876
2.303156  0.00005937161
2.307939  0.00005909898
2.31105  0.00005892167
2.312027  0.00005886597
2.314041  0.00005875122
2.314749  0.00005871088
2.314917  0.0000587013
2.317376  0.00005856112
2.317465  0.00005855605
2.317624  0.00005854699
2.31808  0.000058521
2.319163  0.0000584593
2.321351  0.00005833458
2.322961  0.00005824285
2.32582  0.00005807987
2.327581  0.00005797952
2.329059  0.00005789529
2.329974  0.00005784316
2.331901  0.00005773333
2.342585  0.00005712441
2.343703  0.00005706066
2.344182  0.00005703337
2.348458  0.00005678964
2.348493  0.00005678767
2.349473  0.00005673183
2.349976  0.00005670317
2.350748  0.00005665916
2.355674  0.00005637841
2.358131  0.00005623836
2.358311  0.00005622812
2.35901  0.00005618826
2.361314  0.00005605698
2.361585  0.00005604151
2.362438  0.00005599292
2.362533  0.00005598747
2.363911  0.00005590894
2.365853  0.0000557983
2.366388  0.00005576781
2.366952  0.00005573561
2.371325  0.00005548639
2.374662  0.00005529619
2.376949  0.00005516587
2.378355  0.00005508571
2.38373  0.0000547794
2.385986  0.00005465083
2.387119  0.00005458623
2.387791  0.00005454798
2.39029  0.00005440553
2.391589  0.0000543315
2.395108  0.00005413094
2.395674  0.00005409869
2.396603  0.00005404571
2.403954  0.00005362675
2.40959  0.00005330555
2.411083  0.00005322045
2.412317  0.00005315012
2.415312  0.00005297945
2.418589  0.00005279269
2.418706  0.000052786
2.419016  0.00005276832
2.420533  0.00005268189
2.422157  0.0000525893
2.423926  0.00005248851
2.424375  0.00005246292
2.42533  0.00005240846
2.426363  0.00005234962
2.428858  0.00005220743
2.429263  0.00005218435
2.430187  0.00005213168
2.430407  0.00005211915
2.4312  0.00005207394
2.432307  0.00005201085
2.435233  0.00005184407
2.43847  0.0000516596
2.442478  0.00005143116
2.442568  0.00005142605
2.443149  0.00005139294
2.444215  0.00005133218
2.44446  0.00005131822
2.44495  0.00005129027
2.445698  0.00005124765
2.451818  0.00005092221
2.452331  0.00005090728
2.453223  0.00005088134
2.454031  0.00005085783
2.457908  0.00005074503
2.459067  0.00005071129
2.461536  0.00005063947
2.46531  0.00005052966
2.470316  0.00005038401
2.470919  0.00005036647
2.472911  0.00005030852
2.473035  0.0000503049
2.473464  0.00005029243
2.474996  0.00005024784
2.475464  0.00005023423
2.47717  0.00005018459
2.47893  0.00005013338
2.479805  0.00005010795
2.484911  0.00004995938
2.486583  0.00004991074
2.492863  0.000049728
2.494696  0.00004967469
2.49757  0.00004959107
2.497844  0.0000495831
2.498294  0.00004957
2.502066  0.00004946026
2.502475  0.00004944837
2.505174  0.00004936983
2.508178  0.00004928241
2.510013  0.00004922903
2.512333  0.00004916155
2.516875  0.0000490294
2.517399  0.00004901415
2.518947  0.00004896912
2.52006  0.00004893671
2.523273  0.00004884324
2.523901  0.00004882498
2.528067  0.00004870377
2.532963  0.00004856132
2.537179  0.00004843866
2.537469  0.00004843022
2.538764  0.00004839253
2.538998  0.00004838572
2.539367  0.000048375
2.542909  0.00004827194
2.543859  0.0000482443
2.544991  0.00004821135
2.546436  0.00004816931
2.550205  0.00004805965
2.550361  0.00004805511
2.551363  0.00004802596
2.551843  0.00004801199
2.552486  0.00004799329
2.552932  0.00004798032
2.55363  0.00004796002
2.553893  0.00004795235
2.556282  0.00004788285
2.556599  0.00004787362
2.559834  0.0000477795
2.560953  0.00004774695
2.561677  0.00004772589
2.563106  0.00004768431
2.565548  0.00004761326
2.565846  0.00004760459
2.567886  0.00004754524
2.569763  0.00004749062
2.569849  0.00004748813
2.574008  0.00004736711
2.575307  0.00004732932
2.575752  0.00004731638
2.577554  0.00004726394
2.580828  0.00004716869
2.581205  0.00004715771
2.581332  0.00004715403
2.582513  0.00004711966
2.584153  0.00004707194
2.585679  0.00004702756
2.586316  0.00004700901
2.586583  0.00004700126
2.586995  0.00004698927
2.587897  0.00004696301
2.589229  0.00004692426
2.590629  0.00004688353
2.591078  0.00004687048
2.593317  0.00004680532
2.59509  0.00004675375
2.595093  0.00004675365
2.59625  0.00004671999
2.601104  0.00004657878
2.601351  0.00004657157
2.601557  0.00004656557
2.604974  0.00004646617
2.605987  0.00004643669
2.606552  0.00004642025
2.608227  0.00004637153
2.611437  0.00004627812
2.615549  0.00004615849
2.617104  0.00004611324
2.617738  0.00004609479
2.619171  0.00004605312
2.62224  0.00004596381
2.624511  0.00004589773
2.624532  0.00004589715
2.626105  0.00004585136
2.627395  0.00004581385
2.63259  0.00004566269
2.6337  0.0000456304
2.634351  0.00004561145
2.635766  0.00004557028
2.637016  0.00004553393
2.640733  0.00004542576
2.642285  0.00004538063
2.64582  0.00004527776
2.648753  0.00004520306
2.649868  0.00004517762
2.651031  0.00004515108
2.65247  0.00004511825
2.652569  0.00004511599
2.652614  0.00004511497
2.655224  0.00004505541
2.656265  0.00004503165
2.656269  0.00004503157
2.656754  0.0000450205
2.659532  0.00004495711
2.659786  0.00004495132
2.660258  0.00004494053
2.660342  0.00004493863
2.660801  0.00004492814
2.662292  0.00004489412
2.662915  0.00004487992
2.666217  0.00004480456
2.666588  0.00004479611
2.668102  0.00004476156
2.673594  0.00004463623
2.674142  0.00004462372
2.675495  0.00004459286
2.67562  0.00004459001
2.677572  0.00004454545
2.67898  0.00004451333
2.67925  0.00004450718
2.679897  0.00004449241
2.680491  0.00004447885
2.686778  0.0000443354
2.687141  0.00004432713
2.69119  0.00004423472
2.69185  0.00004421967
2.69329  0.00004418681
2.69487  0.00004415074
2.698596  0.00004406574
2.701555  0.00004399822
2.703234  0.00004395991
2.704983  0.00004392
2.70521  0.00004391481
2.706048  0.00004389569
2.707157  0.00004387038
2.709409  0.000043819
2.710974  0.0000437833
2.715008  0.00004369125
2.7152  0.00004368687
2.716263  0.00004366261
2.71695  0.00004364693
2.718327  0.00004361551
2.719523  0.00004358821
2.719747  0.00004358311
2.720404  0.00004356811
2.720685  0.00004356171
2.721157  0.00004355093
2.721749  0.00004353743
2.721759  0.0000435372
2.721901  0.00004353397
2.724723  0.00004346957
2.724789  0.00004346805
2.724827  0.00004346719
2.725792  0.00004344518
2.727297  0.00004341084
2.728281  0.00004338838
2.731311  0.00004331924
2.733163  0.00004327699
2.734647  0.00004324312
2.735681  0.00004321951
2.735902  0.00004321449
2.738074  0.00004316492
2.741057  0.00004309686
2.745714  0.00004299059
2.746057  0.00004298276
2.746069  0.00004298249
2.746933  0.00004296277
2.749245  0.00004291001
2.753796  0.00004280618
2.757804  0.00004271472
2.761114  0.00004263919
2.761196  0.00004263732
2.764847  0.00004255402
2.765022  0.00004255001
2.766602  0.00004251396
2.767064  0.00004250341
2.767781  0.00004248707
2.76838  0.00004247339
2.768651  0.00004246721
2.768659  0.00004246702
2.770258  0.00004243053
2.770733  0.00004241971
2.771955  0.00004239181
2.772141  0.00004238757
2.774073  0.00004234349
2.776851  0.0000422801
2.777465  0.00004226608
2.777823  0.00004225792
2.780751  0.00004219111
2.782009  0.0000421624
2.782573  0.00004214954
2.783389  0.00004213092
2.789501  0.00004199144
2.79214  0.00004193124
2.792557  0.00004192172
2.793358  0.00004190343
2.7945  0.00004187739
2.797757  0.00004180305
2.798149  0.00004179412
2.798625  0.00004178325
2.800321  0.00004174455
2.802361  0.000041698
2.806114  0.00004161238
2.807797  0.00004157396
2.808347  0.00004156141
2.809041  0.00004154558
2.809523  0.00004153459
2.810116  0.00004152105
2.811868  0.00004148107
2.814688  0.00004141672
2.815327  0.00004140215
2.819789  0.00004130032
2.820021  0.00004129504
2.821195  0.00004126825
2.821642  0.00004125804
2.823636  0.00004121255
2.823833  0.00004120805
2.825262  0.00004117544
2.828337  0.00004110527
2.831134  0.00004104146
2.831924  0.00004102342
2.837537  0.00004089534
2.839082  0.00004086011
2.839599  0.00004084829
2.842063  0.00004079208
2.844651  0.00004073302
2.845998  0.00004070229
2.847718  0.00004066303
2.848118  0.00004065391
2.848585  0.00004064327
2.849152  0.00004063031
2.849391  0.00004062487
2.849882  0.00004061365
2.850111  0.00004060843
2.851383  0.00004057942
2.851863  0.00004056846
2.852838  0.0000405462
2.853368  0.00004053411
2.854279  0.00004051332
2.854359  0.00004051151
2.854444  0.00004050956
2.854674  0.00004050432
2.859608  0.00004039172
2.860879  0.00004036274
2.863599  0.00004030065
2.864356  0.0000402834
2.865453  0.00004025836
2.868799  0.00004018201
2.873062  0.00004008473
2.873726  0.00004006957
2.873814  0.00004006757
2.874245  0.00004005774
2.877352  0.00003998684
2.879548  0.00003993674
2.881014  0.00003990328
2.881627  0.00003988929
2.882921  0.00003985977
2.883994  0.0000398353
2.884256  0.00003982931
2.885593  0.0000397988
2.88612  0.00003978678
2.886146  0.00003978617
2.887169  0.00003976284
2.894391  0.00003960382
2.896767  0.00003955574
2.900025  0.0000394898
2.901452  0.00003946091
2.901452  0.00003946091
2.901579  0.00003945834
2.907007  0.00003934851
2.907815  0.00003933215
2.909715  0.00003929371
2.910018  0.00003928757
2.913743  0.0000392122
2.916219  0.00003916207
2.919172  0.00003910232
2.921014  0.00003906504
2.921691  0.00003905135
2.922151  0.00003904203
2.928037  0.00003892293
2.929478  0.00003889377
2.931152  0.00003885988
2.93487  0.00003878465
2.936641  0.00003874879
2.938307  0.00003871509
2.938405  0.00003871311
2.938534  0.00003871049
2.941461  0.00003865127
2.944481  0.00003859015
2.944841  0.00003858287
2.946427  0.00003855077
2.946802  0.00003854317
2.948113  0.00003851664
2.950632  0.00003846566
2.950906  0.00003846011
2.951839  0.00003844124
2.952546  0.00003842693
2.957506  0.00003832655
2.960408  0.00003826783
2.960884  0.0000382582
2.96368  0.00003820162
2.964744  0.00003818008
2.965286  0.00003816913
2.965616  0.00003816244
2.969249  0.00003808893
2.970945  0.00003805459
2.97176  0.0000380381
2.973254  0.00003800787
2.973319  0.00003800656
2.974064  0.00003799147
2.974247  0.00003798777
2.976609  0.00003793997
2.978325  0.00003790525
2.981358  0.00003784386
2.981975  0.00003783137
2.986758  0.00003773458
2.990788  0.00003765303
2.991377  0.00003764112
2.991864  0.00003763127
2.992008  0.00003762834
2.992785  0.00003761262
2.996963  0.00003752807
2.997968  0.00003750772
2.999289  0.00003748101
2.999643  0.00003747385
3.001428  0.00003743772
3.002332  0.00003741941
3.002401  0.00003741802
3.006314  0.00003733884
3.006526  0.00003733454
3.007916  0.00003730641
3.008992  0.00003728463
3.010525  0.00003725362
3.012377  0.00003721614
3.018496  0.00003709231
3.018793  0.0000370863
3.019958  0.00003706272
3.024349  0.00003697386
3.024496  0.00003697088
3.026407  0.00003693222
3.027397  0.00003691218
3.03029  0.00003685363
3.03228  0.00003681337
3.034664  0.00003676512
3.0358  0.00003674213
3.035921  0.00003673969
3.037616  0.00003670538
3.03853  0.00003668688
3.040073  0.00003665565
3.041194  0.00003663298
3.043029  0.00003659583
3.043035  0.00003659571
3.048773  0.0000364796
3.052333  0.00003640755
3.058613  0.00003628046
3.059249  0.0000362676
3.059761  0.00003625722
3.060794  0.00003623632
3.061129  0.00003622954
3.066289  0.00003612514
3.066776  0.00003611528
3.07278  0.00003599376
3.073751  0.00003597413
3.074775  0.00003595341
3.078323  0.0000358816
3.080407  0.00003583942
3.081749  0.00003581226
3.083225  0.00003578239
3.083901  0.00003576871
3.084076  0.00003576517
3.084466  0.00003575728
3.085174  0.00003574296
3.085337  0.00003573965
3.087652  0.0000356928
3.092283  0.00003559909
3.093427  0.00003557593
3.095675  0.00003553044
3.09628  0.00003551819
3.098847  0.00003546625
3.101119  0.00003542028
3.10175  0.0000354075
3.104591  0.00003535002
3.10761  0.00003528893
3.10766  0.00003528791
3.109581  0.00003524904
3.115191  0.00003513551
3.117113  0.0000350966
3.11943  0.00003504971
3.121725  0.00003500327
3.123197  0.00003497348
3.126592  0.00003490478
3.126796  0.00003490064
3.12733  0.00003488985
3.128085  0.00003487457
3.128903  0.000034858
3.129037  0.00003485529
3.129137  0.00003485328
3.130536  0.00003482496
3.13189  0.00003479757
3.13233  0.00003478867
3.133651  0.00003476192
3.133789  0.00003475914
3.136059  0.0000347132
3.136954  0.00003469509
3.137331  0.00003468745
3.137737  0.00003467925
3.1381  0.0000346719
3.138227  0.00003466933
3.139691  0.00003463969
3.140135  0.00003463071
3.141961  0.00003459375
3.141964  0.0000345937
3.143573  0.00003456114
3.144449  0.00003454341
3.144873  0.00003453482
3.147262  0.00003448647
3.149804  0.00003443503
3.15583  0.00003431309
3.156232  0.00003430497
3.15835  0.00003426746
3.16106  0.0000342224
3.164036  0.0000341729
3.164688  0.00003416205
3.165676  0.00003414563
3.166903  0.00003412522
3.169452  0.00003408282
3.1706  0.00003406374
3.171171  0.00003405424
3.17232  0.00003403513
3.17273  0.00003402831
3.173539  0.00003401486
3.174833  0.00003399333
3.175491  0.0000339824
3.18153  0.00003388196
3.183919  0.00003384224
3.184834  0.00003382703
3.186091  0.00003380611
3.186779  0.00003379467
3.188147  0.00003377193
3.188872  0.00003375987
3.189132  0.00003375554
3.189796  0.0000337445
3.196433  0.00003363413
3.198983  0.00003359172
3.19923  0.00003358761
3.199888  0.00003357666
3.205349  0.00003348584
3.205824  0.00003347794
3.211517  0.00003338328
3.212771  0.00003336241
3.213703  0.00003334692
3.215229  0.00003332154
3.215735  0.00003331312
3.223479  0.00003318434
3.224999  0.00003315906
3.225235  0.00003315513
3.225761  0.00003314638
3.227481  0.00003311778
3.228955  0.00003309327
3.230725  0.00003306382
3.231475  0.00003305136
3.231543  0.00003305022
3.231978  0.00003304299
3.232139  0.00003304031
3.232344  0.00003303691
3.233168  0.0000330232
3.233195  0.00003302275
3.23378  0.00003301303
3.234351  0.00003300352
3.235095  0.00003299115
3.236771  0.00003296329
3.237244  0.00003295542
3.237305  0.0000329544
3.23807  0.00003294168
3.23881  0.00003292937
3.239138  0.00003292391
3.23974  0.00003291391
3.24331  0.00003285454
3.244039  0.00003284241
3.244517  0.00003283446
3.24558  0.00003281678
3.24734  0.00003278752
3.247985  0.0000327768
3.248096  0.00003277494
3.248353  0.00003277067
3.249409  0.00003275311
3.251027  0.0000327262
3.253692  0.00003268187
3.255408  0.00003265335
3.255979  0.00003264384
3.256224  0.00003263978
3.258967  0.00003259415
3.260819  0.00003256335
3.261278  0.00003255572
3.262008  0.00003254357
3.262176  0.00003254078
3.265273  0.00003248928
3.267706  0.00003244882
3.267756  0.00003244799
3.268529  0.00003243514
3.269413  0.00003242044
3.274548  0.00003233503
3.274865  0.00003232976
3.277846  0.00003228018
3.278576  0.00003226804
3.278676  0.00003226638
3.279312  0.00003225581
3.281278  0.00003222312
3.282923  0.00003219576
3.285051  0.00003216037
3.285192  0.00003215802
3.285907  0.00003214613
3.28746  0.0000321203
3.288949  0.00003209554
3.291515  0.00003205287
3.292257  0.00003204053
3.296483  0.00003197025
3.298007  0.0000319449
3.299227  0.00003192461
3.299652  0.00003191755
3.29978  0.00003191542
3.303065  0.00003186078
3.30347  0.00003185405
3.305754  0.00003181606
3.308214  0.00003177516
3.308939  0.0000317631
3.310102  0.00003174376
3.311841  0.00003171484
3.313895  0.00003168067
3.31499  0.00003166247
3.31806  0.00003161141
3.319586  0.00003158602
3.322149  0.00003154341
3.323426  0.00003152217
3.324261  0.00003150828
3.326049  0.00003147855
3.332763  0.0000313669
3.333217  0.00003135934
3.334102  0.00003134463
3.337253  0.00003129221
3.338145  0.00003127739
3.338714  0.00003126792
3.339905  0.00003124812
3.34044  0.00003123921
3.340612  0.00003123636
3.341032  0.00003122938
3.343899  0.00003118169
3.344254  0.0000311758
3.345024  0.00003116299
3.345752  0.00003115088
3.348013  0.00003111328
3.350191  0.00003107706
3.353602  0.00003102034
3.357004  0.00003096375
3.357214  0.00003096027
3.357642  0.00003095315
3.357859  0.00003094954
3.358486  0.00003093911
3.363336  0.00003085845
3.363613  0.00003085384
3.366116  0.00003081222
3.369653  0.0000307534
3.369744  0.00003075188
3.36984  0.00003075028
3.371335  0.00003072542
3.37328  0.00003069307
3.374066  0.00003068001
3.376525  0.00003063912
3.376676  0.0000306366
3.376979  0.00003063156
3.377063  0.00003063016
3.377639  0.00003062058
3.379055  0.00003059704
3.380465  0.00003057359
3.381589  0.00003055489
3.382947  0.00003053231
3.386139  0.00003047923
3.389341  0.00003042597
3.391749  0.00003038593
3.392786  0.00003036868
3.392925  0.00003036637
3.396102  0.00003031353
3.399906  0.00003025027
3.399918  0.00003025008
3.400514  0.00003024016
3.401358  0.00003022613
3.402748  0.00003020301
3.403151  0.0000301963
3.406774  0.00003013606
3.416019  0.00003004593
3.416426  0.00003004525
3.41652  0.0000300451
3.416743  0.00003004472
3.417417  0.00003004359
3.419027  0.0000300409
3.421444  0.00003003685
3.422338  0.00003003536
3.42606  0.00003002912
3.430563  0.00003002158
3.431168  0.00003002057
3.431567  0.0000300199
3.435915  0.00003001262
3.436196  0.00003001215
3.438224  0.00003000876
3.438287  0.00003000865
3.439771  0.00003000617
3.446611  0.00002999471
3.447602  0.00002999306
3.447732  0.00002999284
3.452924  0.00002998414
3.45347  0.00002998323
3.454202  0.000029982
3.454922  0.0000299808
3.456763  0.00002997772
3.457349  0.00002997674
3.458045  0.00002997557
3.45838  0.00002997501
3.461325  0.00002997008
3.462037  0.00002996889
3.465376  0.0000299633
3.466131  0.00002996203
3.46914  0.00002995699
3.469756  0.00002995596
3.472542  0.0000299513
3.483323  0.00002993325
3.484255  0.00002993169
3.485434  0.00002992971
3.486943  0.00002992719
3.489894  0.00002992225
3.489945  0.00002992216
3.490015  0.00002992204
3.490318  0.00002992154
3.490673  0.00002992094
3.490813  0.00002992071
3.492738  0.00002991748
3.492941  0.00002991714
3.492942  0.00002991714
3.493218  0.00002991668
3.495726  0.00002991248
3.496789  0.0000299107
3.501828  0.00002990226
3.502089  0.00002990183
3.507838  0.0000298922
3.509436  0.00002988953
3.518127  0.00002987497
3.519426  0.0000298728
3.520905  0.00002987032
3.521965  0.00002986855
3.524288  0.00002986466
3.524375  0.00002986451
3.525718  0.00002986226
3.526975  0.00002986016
3.5277  0.00002985895
3.52806  0.00002985834
3.528594  0.00002985745
3.528642  0.00002985737
3.529111  0.00002985658
3.532629  0.00002985069
3.533043  0.00002985
3.536823  0.00002984367
3.538104  0.00002984153
3.538724  0.00002984049
3.53903  0.00002983998
3.539453  0.00002983927
3.539604  0.00002983902
3.53978  0.00002983872
3.541481  0.00002983587
3.541675  0.00002983555
3.5425  0.00002983417
3.543896  0.00002983183
3.545796  0.00002982865
3.547275  0.00002982617
3.547652  0.00002982554
3.548233  0.00002982457
3.549787  0.00002982197
3.552404  0.00002981758
3.553094  0.00002981643
3.553321  0.00002981605
3.554822  0.00002981354
3.555286  0.00002981276
3.558546  0.0000298073
3.559036  0.00002980648
3.561233  0.0000298028
3.561525  0.00002980231
3.563365  0.00002979923
3.563975  0.00002979821
3.565903  0.00002979498
3.566079  0.00002979469
3.573284  0.00002978262
3.573843  0.00002978169
3.573934  0.00002978154
3.578785  0.00002977341
3.584615  0.00002976365
3.585168  0.00002976273
3.58597  0.00002976139
3.586251  0.00002976091
3.587894  0.00002975816
3.591194  0.00002975264
3.59185  0.00002975154
3.592522  0.00002975041
3.59325  0.0000297492
3.596668  0.00002974347
3.597575  0.00002974195
3.599157  0.0000297393
3.600043  0.00002973782
3.604356  0.0000297306
3.607852  0.00002972475
3.607879  0.0000297247
3.609121  0.00002972262
3.610889  0.00002971966
3.613742  0.00002971489
3.61506  0.00002971268
3.616157  0.00002971084
3.61701  0.00002970941
3.618041  0.00002970769
3.618391  0.0000297071
3.619373  0.00002970546
3.621053  0.00002970265
3.623174  0.00002969909
3.625105  0.00002969586
3.62726  0.00002969225
3.631954  0.00002968439
3.634978  0.00002967933
3.635246  0.00002967888
3.635835  0.00002967789
3.63585  0.00002967787
3.640274  0.00002967046
3.645416  0.00002966185
3.645665  0.00002966144
3.646083  0.00002966074
3.64688  0.0000296594
3.648173  0.00002965544
3.649161  0.0000296522
3.649248  0.00002965192
3.649604  0.00002965075
3.650254  0.00002964861
3.650364  0.00002964825
3.651157  0.00002964565
3.651355  0.000029645
3.651785  0.00002964359
3.653702  0.00002963729
3.65567  0.00002963083
3.656262  0.00002962889
3.656366  0.00002962855
3.656923  0.00002962672
3.65717  0.00002962591
3.657709  0.00002962414
3.657855  0.00002962366
3.659961  0.00002961674
3.662946  0.00002960694
3.664663  0.00002960131
3.665143  0.00002959973
3.666289  0.00002959597
3.66873  0.00002958795
3.66898  0.00002958713
3.669572  0.00002958519
3.670005  0.00002958377
3.670053  0.00002958361
3.67107  0.00002958027
3.672999  0.00002957394
3.673359  0.00002957276
3.674287  0.00002956971
3.681252  0.00002954684
3.681539  0.0000295459
3.684954  0.00002953469
3.686378  0.00002953001
3.687365  0.00002952677
3.687959  0.00002952482
3.688977  0.00002952148
3.689066  0.00002952119
3.690525  0.0000295164
3.692383  0.0000295103
3.69715  0.00002949465
3.697232  0.00002949438
3.697779  0.00002949259
3.698256  0.00002949102
3.700394  0.000029484
3.703659  0.00002947328
3.708384  0.00002945777
3.709858  0.00002945293
3.710423  0.00002945108
3.711434  0.00002944776
3.712603  0.00002944392
3.715098  0.00002943573
3.715157  0.00002943553
3.716675  0.00002943055
3.718346  0.00002942506
3.719286  0.00002942198
3.720792  0.00002941703
3.724074  0.00002940626
3.724621  0.00002940446
3.726283  0.000029399
3.726717  0.00002939758
3.727094  0.00002939634
3.733771  0.00002937442
3.735916  0.00002936738
3.737026  0.00002936374
3.740551  0.00002935216
3.740774  0.00002935143
3.742044  0.00002934726
3.746301  0.00002933328
3.746847  0.00002933149
3.747237  0.00002933021
3.747873  0.00002932812
3.749035  0.00002932431
3.750626  0.00002931909
3.753662  0.00002930912
3.758156  0.00002929436
3.759562  0.00002928975
3.760399  0.000029287
3.766353  0.00002926745
3.766479  0.00002926704
3.770957  0.00002925234
3.7722  0.00002924826
3.772485  0.00002924732
3.774993  0.00002923909
3.777782  0.00002922993
3.77864  0.00002922711
3.778722  0.00002922684
3.780501  0.000029221
3.781612  0.00002921736
3.783046  0.00002921265
3.787511  0.00002919799
3.787697  0.00002919738
3.789772  0.00002919057
3.791084  0.00002918626
3.791851  0.00002918374
3.795779  0.00002917085
3.795971  0.00002917021
3.796229  0.00002916937
3.798813  0.00002916089
3.799694  0.00002915799
3.803645  0.00002914502
3.806708  0.00002913496
3.807425  0.00002913261
3.812999  0.00002911431
3.81348  0.00002911273
3.821183  0.00002908744
3.826902  0.00002906867
3.827943  0.00002906525
3.828448  0.00002906359
3.829925  0.00002905874
3.832031  0.00002905183
3.832998  0.00002904865
3.833937  0.00002904557
3.835279  0.00002904117
3.837594  0.00002903356
3.838669  0.00002903003
3.839536  0.00002902719
3.839556  0.00002902712
3.839758  0.00002902646
3.840569  0.0000290238
3.842628  0.00002901704
3.843363  0.00002901462
3.847652  0.00002900054
3.848489  0.00002899779
3.850012  0.0000289928
3.851123  0.00002898915
3.851179  0.00002898896
3.854321  0.00002897865
3.85443  0.00002897829
3.854581  0.0000289778
3.857353  0.00002896869
3.857561  0.00002896801
3.857822  0.00002896715
3.85813  0.00002896614
3.864179  0.00002894628
3.864329  0.00002894579
3.870086  0.00002892689
3.870169  0.00002892662
3.878588  0.00002889898
3.879585  0.00002889571
3.882225  0.00002888704
3.882302  0.00002888678
3.886859  0.00002887015
3.888305  0.00002886487
3.888531  0.00002886404
3.888615  0.00002886373
3.890043  0.00002885851
3.890285  0.00002885763
3.892431  0.00002884979
3.893896  0.00002884444
3.895385  0.00002883899
3.904106  0.00002880713
3.904135  0.00002880702
3.905673  0.0000288014
3.906986  0.0000287966
3.909252  0.00002878832
3.909991  0.00002878562
3.914064  0.00002877073
3.914463  0.00002876928
3.914679  0.00002876849
3.91598  0.00002876373
3.918325  0.00002875516
3.919752  0.00002874995
3.921973  0.00002874183
3.925548  0.00002872877
3.927477  0.00002872172
3.931157  0.00002870827
3.931393  0.00002870741
3.932772  0.00002870237
3.934442  0.00002869626
3.9359  0.00002869094
3.936529  0.00002868864
3.940711  0.00002867336
3.944203  0.0000286606
3.945625  0.0000286554
3.951561  0.00002863371
3.951702  0.00002863319
3.953046  0.00002862828
3.955027  0.00002862104
3.955542  0.00002861916
3.95829  0.00002860912
3.959239  0.00002860565
3.959338  0.00002860529
3.95975  0.00002860378
3.960626  0.00002860058
3.961655  0.00002859682
3.961796  0.00002859631
3.964839  0.00002858518
3.966656  0.00002857854
3.967511  0.00002857542
3.970513  0.00002856445
3.972205  0.00002855827
3.974461  0.00002855002
3.976754  0.00002854164
3.982628  0.00002852018
3.98491  0.00002851184
3.986374  0.00002850649
3.986657  0.00002850546
3.986827  0.00002850483
3.986933  0.00002850445
3.987355  0.0000285029
3.987782  0.00002850134
3.989668  0.00002849445
3.991102  0.00002848921
3.992879  0.00002848272
3.9929  0.00002848264
3.996028  0.00002847121
3.9964  0.00002846985
3.997387  0.00002846624
3.998354  0.00002846271
3.999145  0.00002845982
3.999482  0.00002845859
3.999826  0.00002845733
4.002939  0.00002844596
4.003234  0.00002844488
4.004153  0.00002844152
4.015355  0.00002840058
4.018277  0.00002838991
4.018445  0.00002838929
4.02214  0.00002837579
4.023017  0.00002837258
4.028249  0.00002835346
4.028274  0.00002835337
4.03397  0.00002833256
4.035906  0.00002832548
4.036039  0.000028325
4.036662  0.00002832272
4.038328  0.00002831663
4.038638  0.0000283155
4.039297  0.00002831309
4.040569  0.00002830844
4.040964  0.000028307
4.042394  0.00002830177
4.043549  0.00002829755
4.043628  0.00002829726
4.044248  0.000028295
4.046426  0.00002828704
4.052718  0.00002826404
4.054073  0.00002825909
4.054695  0.00002825682
4.056332  0.00002825084
4.057579  0.00002824628
4.058573  0.00002824265
4.059609  0.00002823886
4.062456  0.00002822846
4.063367  0.00002822513
4.066887  0.00002821226
4.068835  0.00002820515
4.070659  0.00002819848
4.071254  0.00002819631
4.071565  0.00002819517
4.074368  0.00002818493
4.080218  0.00002816355
4.081251  0.00002815978
4.082521  0.00002815513
4.087495  0.00002813696
4.087769  0.00002813596
4.092716  0.00002811157
4.093454  0.00002810783
4.102403  0.00002806252
4.103609  0.00002805642
4.10822  0.00002803307
4.110379  0.00002802214
4.111612  0.0000280159
4.11264  0.0000280107
4.113586  0.00002800591
4.11441  0.00002800174
4.115081  0.00002799834
4.11623  0.00002799252
4.117457  0.00002798631
4.119098  0.000027978
4.126015  0.00002794299
4.126301  0.00002794153
4.127155  0.00002793721
4.128451  0.00002793065
4.128955  0.0000279281
4.128982  0.00002792796
4.131581  0.00002791481
4.137257  0.00002788607
4.142902  0.00002785749
4.143745  0.00002785322
4.144497  0.00002784941
4.144854  0.00002784761
4.146331  0.00002784013
4.148102  0.00002783116
4.149176  0.00002782572
4.150811  0.00002781745
4.150899  0.000027817
4.153141  0.00002780565
4.153618  0.00002780324
4.154562  0.00002779846
4.155186  0.0000277953
4.155531  0.00002779355
4.156197  0.00002779018
4.161035  0.00002776568
4.161355  0.00002776406
4.162655  0.00002775749
4.164993  0.00002774565
4.165497  0.0000277431
4.168096  0.00002772994
4.168411  0.00002772834
4.173574  0.0000277022
4.179532  0.00002767204
4.180339  0.00002766795
4.181097  0.00002766412
4.181176  0.00002766372
4.181617  0.00002766148
4.182538  0.00002765682
4.184034  0.00002764925
4.189034  0.00002762393
4.193613  0.00002760075
4.195119  0.00002759312
4.195162  0.00002759291
4.195282  0.0000275923
4.19681  0.00002758456
4.201186  0.00002756241
4.201544  0.0000275606
4.201851  0.00002755904
4.202137  0.00002755759
4.202322  0.00002755666
4.214033  0.00002749737
4.214377  0.00002749563
4.214561  0.00002749469
4.218109  0.00002747674
4.219478  0.0000274698
4.221796  0.00002745807
4.222031  0.00002745688
4.222453  0.00002745474
4.223263  0.00002745064
4.224084  0.00002744648
4.224122  0.00002744629
4.224188  0.00002744596
4.226455  0.00002743448
4.22822  0.00002742554
4.228801  0.0000274226
4.229786  0.00002741762
4.229968  0.00002741669
4.230912  0.00002741191
4.232307  0.00002740485
4.232315  0.00002740481
4.233847  0.00002739705
4.239641  0.00002736772
4.239956  0.00002736613
4.241416  0.00002735874
4.244576  0.00002734274
4.246101  0.00002733502
4.251679  0.00002730678
4.255768  0.00002728608
4.25656  0.00002728207
4.258166  0.00002727393
4.258291  0.0000272733
4.26156  0.00002725675
4.262546  0.00002725176
4.264358  0.00002724258
4.264538  0.00002724167
4.267978  0.00002722426
4.272123  0.00002720327
4.273893  0.00002719431
4.276314  0.00002718206
4.278288  0.00002717206
4.284023  0.00002714303
4.28755  0.00002712517
4.290932  0.00002710805
4.291086  0.00002710727
4.292584  0.00002709968
4.295626  0.00002708428
4.300033  0.00002706197
4.301508  0.0000270545
4.301519  0.00002705445
4.303709  0.00002704336
4.304453  0.00002704498
4.304523  0.00002704533
4.306345  0.00002705455
4.308812  0.00002706705
4.311851  0.00002708243
4.312051  0.00002708344
4.324367  0.00002714579
4.32855  0.00002716697
4.329096  0.00002716974
4.333345  0.00002719125
4.335275  0.00002720102
4.335404  0.00002720167
4.33841  0.00002721689
4.339576  0.00002722279
4.340266  0.00002722629
4.342577  0.00002723799
4.343163  0.00002724095
4.343685  0.0000272436
4.345241  0.00002725147
4.346207  0.00002725636
4.347315  0.00002726197
4.349453  0.0000272728
4.356458  0.00002730826
4.35723  0.00002731217
4.360954  0.00002733102
4.361963  0.00002733613
4.362377  0.00002733823
4.362424  0.00002733847
4.362931  0.00002734103
4.364587  0.00002734942
4.367174  0.00002736251
4.367883  0.00002736611
4.372368  0.00002738882
4.373929  0.00002739672
4.375878  0.00002740658
4.376062  0.00002740752
4.376864  0.00002741157
4.378523  0.00002741997
4.379823  0.00002742656
4.380368  0.00002742932
4.383216  0.00002744373
4.383583  0.00002744559
4.385705  0.00002745633
4.387575  0.0000274658
4.390999  0.00002748314
4.391701  0.00002748669
4.39175  0.00002748694
4.393099  0.00002749377
4.395158  0.00002750419
4.396328  0.00002751012
4.4004  0.00002753073
4.400883  0.00002753318
4.401598  0.0000275368
4.401961  0.00002753864
4.40207  0.00002753919
4.402723  0.00002754249
4.40315  0.00002754465
4.403748  0.00002754768
4.406091  0.00002755954
4.411621  0.00002758754
4.412681  0.00002759291
4.41316  0.00002759533
4.415097  0.00002760514
4.417243  0.00002761601
4.421021  0.00002763513
4.422029  0.00002764023
4.422031  0.00002764024
4.423642  0.0000276484
4.430128  0.00002768124
4.432476  0.00002769313
4.433999  0.00002770084
4.434025  0.00002770097
4.438218  0.0000277222
4.439552  0.00002772895
4.439654  0.00002772947
4.44019  0.00002773218
4.443168  0.00002774726
4.449572  0.00002777968
4.44981  0.00002778088
4.453346  0.00002779878
4.453568  0.00002779991
4.454609  0.00002780518
4.456312  0.0000278138
4.457332  0.00002781897
4.459732  0.00002783111
4.459973  0.00002783233
4.4613  0.00002783906
4.46264  0.00002784584
4.464604  0.00002785578
4.464708  0.00002785631
4.470726  0.00002788677
4.472066  0.00002789356
4.474972  0.00002790827
4.476697  0.00002791701
4.477598  0.00002792157
4.478272  0.00002792498
4.478917  0.00002792825
4.480549  0.00002793651
4.483113  0.00002794949
4.483799  0.00002795296
4.484365  0.00002795582
4.485612  0.00002796214
4.490504  0.00002798691
4.493367  0.0000280014
4.49409  0.00002800506
4.495459  0.00002801199
4.496596  0.00002801775
4.497124  0.00002802042
4.505603  0.00002806335
4.508992  0.00002808051
4.509433  0.00002808274
4.512597  0.00002809876
4.512942  0.0000281005
4.515427  0.00002811309
4.516068  0.00002811633
4.516654  0.0000281193
4.516936  0.00002812073
4.517656  0.00002812437
4.519111  0.00002813174
4.523288  0.00002810864
4.523682  0.00002810589
4.524791  0.00002809817
4.528701  0.00002807095
4.529848  0.00002806297
4.530206  0.00002806048
4.530701  0.00002805703
4.533118  0.0000280402
4.534658  0.00002802949
4.535104  0.00002802638
4.543796  0.00002796587
4.543828  0.00002796565
4.545048  0.00002795715
4.547993  0.00002793666
4.549358  0.00002792715
4.549863  0.00002792364
4.550824  0.00002791695
4.551317  0.00002791352
4.551884  0.00002790957
4.55406  0.00002789442
4.555239  0.00002788621
4.556569  0.00002787696
4.564053  0.00002782486
4.564078  0.00002782468
4.565437  0.00002781522
4.567977  0.00002779754
4.569292  0.00002778838
4.569299  0.00002778833
4.570356  0.00002778098
4.57123  0.0000277749
4.571873  0.00002777042
4.572189  0.00002776822
4.573503  0.00002775907
4.57505  0.0000277483
4.576363  0.00002773916
4.576456  0.00002773851
4.57776  0.00002772944
4.58026  0.00002771203
4.581145  0.00002770587
4.581806  0.00002770127
4.58187  0.00002770082
4.581987  0.00002770001
4.583036  0.00002769271
4.584251  0.00002768425
4.584643  0.00002768152
4.588426  0.00002765519
4.593836  0.00002761753
4.595973  0.00002760265
4.596531  0.00002759877
4.596882  0.00002759633
4.598625  0.00002758419
4.605828  0.00002753405
4.608478  0.0000275156
4.608606  0.00002751471
4.609676  0.00002750726
4.609961  0.00002750528
4.611316  0.00002749585
4.611597  0.00002749389
4.611656  0.00002749348
4.611908  0.00002749172
4.613426  0.00002748116
4.614398  0.00002747439
4.617338  0.00002745392
4.617462  0.00002745306
4.61807  0.00002744883
4.618854  0.00002744337
4.619603  0.00002743816
4.620685  0.00002743063
4.621071  0.00002742794
4.623228  0.00002741292
4.625296  0.00002739852
4.632068  0.00002735138
4.636422  0.00002732108
4.636422  0.00002732107
4.637051  0.0000273167
4.637599  0.00002731289
4.637909  0.00002731072
4.640334  0.00002729384
4.64132  0.00002728698
4.641676  0.0000272845
4.642131  0.00002728133
4.643856  0.00002726932
4.644122  0.00002726748
4.645741  0.0000272562
4.647112  0.00002724666
4.648677  0.00002723576
4.650861  0.00002722056
4.656187  0.00002718348
4.657023  0.00002717767
4.6601  0.00002715625
4.661745  0.0000271448
4.662439  0.00002713996
4.665394  0.00002711939
4.670612  0.00002708307
4.671074  0.00002707986
4.672716  0.00002706842
4.672779  0.00002706798
4.673883  0.0000270603
4.675962  0.00002704583
4.677036  0.00002704229
4.677712  0.00002704229
4.677812  0.00002704229
4.678004  0.00002704229
4.678344  0.00002704229
4.680448  0.00002704229
4.681115  0.00002704229
4.682477  0.00002704229
4.683865  0.00002704229
4.683924  0.00002704229
4.686684  0.00002704229
4.686983  0.00002704229
4.688937  0.00002704229
4.695136  0.00002704229
4.695895  0.00002704229
4.696206  0.00002704229
4.699805  0.00002704229
4.700835  0.00002704229
4.700865  0.00002704229
4.701262  0.00002704229
4.706582  0.00002704229
4.707684  0.00002704229
4.708137  0.00002704229
4.709301  0.00002704229
4.709515  0.00002704229
4.713997  0.00002704229
4.714148  0.00002704229
4.716499  0.00002704229
4.717305  0.00002704229
4.719472  0.00002704229
4.720434  0.00002704229
4.721001  0.00002704229
4.722395  0.00002704229
4.722514  0.00002704229
4.724434  0.00002704229
4.727563  0.00002704229
4.729763  0.00002704229
4.733117  0.00002704229
4.733359  0.00002704229
4.734162  0.00002704229
4.734454  0.00002704229
4.737788  0.00002704229
4.741892  0.00002704229
4.742326  0.00002704229
4.745744  0.00002704229
4.746836  0.00002704229
4.7486  0.00002704229
4.749542  0.00002704229
4.750653  0.00002704229
4.750936  0.00002704229
4.751465  0.00002704229
4.7542  0.00002704229
4.755607  0.00002704229
4.756798  0.00002704229
4.758335  0.00002704229
4.758809  0.00002704229
4.759425  0.00002704229
4.759997  0.00002704229
4.760085  0.00002704229
4.761977  0.00002704229
4.766477  0.00002704229
4.766957  0.00002704229
4.767608  0.00002704229
4.768905  0.00002704229
4.769437  0.00002704229
4.770942  0.00002704229
4.771035  0.00002704229
4.77223  0.00002704229
4.773669  0.00002704229
4.773994  0.00002704229
4.776151  0.00002704229
4.776877  0.00002704229
4.778437  0.00002704229
4.778668  0.00002704229
4.778862  0.00002704229
4.779232  0.00002704229
4.786539  0.00002704229
4.789741  0.00002704229
4.790309  0.00002704229
4.793692  0.00002704229
4.794714  0.00002704229
4.795156  0.00002704229
4.800668  0.00002704229
4.801766  0.00002704229
4.80187  0.00002704229
4.802093  0.00002704229
4.802389  0.00002704229
4.806104  0.00002704229
4.806296  0.00002704229
4.806947  0.00002704229
4.807128  0.00002704229
4.807687  0.00002704229
4.811395  0.00002704229
4.812027  0.00002704229
4.812077  0.00002704229
4.814148  0.00002704229
4.814707  0.00002704229
4.816724  0.00002704229
4.816901  0.00002704229
4.823533  0.00002704229
4.823824  0.00002704229
4.826979  0.00002704229
4.827153  0.00002704229
4.830527  0.00002704229
4.830885  0.00002704229
4.832026  0.00002704229
4.833019  0.00002704229
4.835013  0.00002704229
4.838558  0.00002704229
4.839146  0.00002704229
4.839426  0.00002704229
4.840219  0.00002704229
4.841496  0.00002704229
4.842327  0.00002704229
4.843414  0.00002704229
4.843722  0.00002704229
4.844816  0.00002704229
4.84764  0.00002704229
4.847656  0.00002704229
4.84847  0.00002704229
4.851522  0.00002704229
4.852913  0.00002704229
4.861251  0.00002704229
4.8617  0.00002704229
4.861708  0.00002704229
4.863446  0.00002704406
4.865801  0.00002705001
4.867283  0.00002705375
4.868075  0.00002705575
4.869566  0.00002705952
4.870116  0.00002706091
4.871041  0.00002706325
4.871043  0.00002706325
4.871566  0.00002706457
4.873645  0.00002706983
4.874636  0.00002707233
4.876589  0.00002707727
4.877935  0.00002708067
4.877939  0.00002708068
4.879788  0.00002708535
4.880781  0.00002708786
4.881295  0.00002708916
4.882051  0.00002709107
4.885181  0.00002709898
4.885452  0.00002709966
4.88569  0.00002710026
4.888387  0.00002710708
4.888993  0.00002710861
4.894243  0.00002712187
4.897569  0.00002713028
4.89788  0.00002713106
4.898629  0.00002713295
4.8993  0.00002713465
4.899909  0.00002713619
4.900369  0.00002713735
4.901422  0.00002714001
4.901436  0.00002714005
4.903219  0.00002714455
4.903672  0.0000271457
4.903931  0.00002714635
4.904723  0.00002714835
4.906935  0.00002715394
4.907378  0.00002715506
4.907707  0.00002715589
4.90958  0.00002716063
4.912685  0.00002716847
4.913101  0.00002716952
4.914151  0.00002717218
4.919405  0.00002718545
4.920445  0.00002718808
4.920912  0.00002718926
4.921096  0.00002718972
4.923135  0.00002719488
4.924263  0.00002719773
4.924554  0.00002719846
4.925115  0.00002719988
4.930531  0.00002721356
4.932683  0.000027219
4.932954  0.00002721969
4.933582  0.00002722127
4.936932  0.00002722974
4.937506  0.00002723119
4.93794  0.00002723229
4.938197  0.00002723293
4.945209  0.00002725065
4.946847  0.00002725479
4.947041  0.00002725528
4.951318  0.00002726609
4.956207  0.00002727844
4.956734  0.00002727977
4.958016  0.00002728301
4.961439  0.00002729166
4.961497  0.00002729181
4.96193  0.0000272929
4.962871  0.00002729528
4.963791  0.0000272976
4.964284  0.00002729885
4.965512  0.00002730195
4.971781  0.00002731779
4.97182  0.00002731789
4.972836  0.00002732046
4.974156  0.00002732379
4.975273  0.00002732662
4.981207  0.00002734161
4.982228  0.00002734419
4.983296  0.00002734689
4.984309  0.00002734945
4.984895  0.00002735093
4.985233  0.00002735178
4.985336  0.00002735204
4.986945  0.00002735611
4.987051  0.00002735638
4.988561  0.00002736019
4.9928  0.0000273709
4.994874  0.00002737614
4.995022  0.00002737652
4.9957  0.00002737823
4.996161  0.0000273794
4.997268  0.00002738219
4.997787  0.00002738351
4.999522  0.00002738789