0.6024817  3.630256
0.6064456  3.487946
0.6068955  3.471794
0.6085596  3.412049
0.61302  3.251916
0.6143304  3.20487
0.6145246  3.1979
0.6147713  3.189043
0.6186644  3.049276
0.6205924  2.980057
0.6207464  2.974528
0.6220507  2.927704
0.6267772  2.758015
0.6282269  2.705969
0.6285984  2.692631
0.6300545  2.640357
0.6306149  2.620235
0.6314297  2.590986
0.6321025  2.566831
0.6335433  2.515104
0.6394889  2.301649
0.6405083  2.265052
0.6408399  2.253146
0.642576  2.190819
0.6433283  2.163811
0.6434792  2.158393
0.646523  2.049115
0.6465872  2.046813
0.6479701  1.997162
0.6487132  1.970484
0.6509067  1.912199
0.6512882  1.907112
0.6519305  1.89855
0.6519434  1.898378
0.6520659  1.896744
0.652144  1.895703
0.6522607  1.894146
0.6525383  1.890446
0.6540177  1.870722
0.6599078  1.792192
0.6675754  1.689964
0.6684819  1.677878
0.6697011  1.661622
0.674789  1.593788
0.6797238  1.527995
0.6797338  1.527861
0.6798976  1.525678
0.6807976  1.513678
0.68348  1.477915
0.6837528  1.474279
0.6845862  1.463167
0.6855392  1.450461
0.6876657  1.42211
0.6882332  1.414544
0.689872  1.392695
0.6914418  1.371764
0.6952209  1.321381
0.6981648  1.28213
0.7016868  1.244791
0.7020838  1.241761
0.7030841  1.234128
0.7048732  1.220476
0.7050998  1.218746
0.7055899  1.215007
0.7129872  1.158559
0.7140813  1.15021
0.715744  1.137522
0.7157699  1.137325
0.7169025  1.128682
0.7173972  1.124907
0.7179858  1.120416
0.7192351  1.110882
0.7203299  1.102528
0.7212662  1.095383
0.7220407  1.089473
0.722427  1.086525
0.7231233  1.081212
0.7252275  1.065155
0.7252983  1.064614
0.7265714  1.0549
0.7271342  1.050605
0.727338  1.04905
0.7291371  1.035321
0.7312522  1.019181
0.7312779  1.018985
0.7359067  0.9836631
0.7360276  0.9827407
0.7370852  0.9746702
0.7380594  0.967236
0.7385871  0.9632094
0.7386261  0.9629117
0.7439281  0.9224534
0.7484984  0.887578
0.7500955  0.8755613
0.7511748  0.8692558
0.7515342  0.867156
0.7551085  0.8462739
0.75736  0.8331201
0.7574836  0.8323977
0.7584433  0.8267909
0.7591293  0.8227832
0.7592607  0.8220153
0.7603512  0.8156446
0.7615474  0.8086558
0.7627093  0.8018677
0.7635453  0.7969832
0.764648  0.7905409
0.7673441  0.7747897
0.7679345  0.7713406
0.7684619  0.7682593
0.768933  0.7655071
0.7690987  0.7645387
0.770417  0.7568367
0.7707696  0.7547772
0.7720819  0.7471103
0.7736144  0.738157
0.7739135  0.7364095
0.7749467  0.7303729
0.7756817  0.726079
0.7758272  0.7252291
0.7806371  0.6971283
0.780881  0.6957033
0.7834719  0.6805664
0.7837085  0.6791843
0.7855217  0.668591
0.7866749  0.6618534
0.7879857  0.6541954
0.7884632  0.6514056
0.7886276  0.6504449
0.7892047  0.6470735
0.789898  0.6430232
0.7905336  0.6393095
0.7906581  0.6385826
0.7913759  0.6343885
0.7962777  0.6057512
0.7965585  0.6041107
0.7980829  0.5952044
0.7985446  0.592507
0.7992416  0.588435
0.7992752  0.588239
0.8006904  0.5836659
0.8014476  0.583295
0.8019657  0.5830412
0.8022776  0.5828884
0.8027036  0.5826797
0.8037841  0.5821503
0.8060406  0.5810449
0.8075063  0.5803268
0.8088209  0.5796828
0.8096905  0.5792568
0.8105064  0.578857
0.8106393  0.578792
0.8159857  0.5761728
0.8159875  0.5761719
0.8164701  0.5759354
0.8180606  0.5751562
0.8189363  0.5747272
0.8194012  0.5744995
0.8200306  0.5741911
0.82233  0.5730646
0.8287254  0.5699315
0.8339234  0.567385
0.8365801  0.5660834
0.8381296  0.5653243
0.8422976  0.5632824
0.842574  0.563147
0.8427609  0.5630555
0.8460428  0.5614476
0.8499024  0.5595568
0.8503149  0.5594056
0.8526411  0.5586419
0.8540469  0.5581804
0.8541761  0.558138
0.8547501  0.5579495
0.8551189  0.5578284
0.856501  0.5573747
0.8592937  0.5564578
0.8600805  0.5561995
0.860687  0.5560004
0.8619144  0.5555975
0.8671645  0.5538738
0.8678736  0.553641
0.868689  0.5533733
0.8721985  0.5522212
0.8752818  0.5512089
0.8797207  0.5497516
0.8802721  0.5495706
0.881267  0.549244
0.8824094  0.5488689
0.8825072  0.5488368
0.8841285  0.5483045
0.8844245  0.5482074
0.8854052  0.5478854
0.8941654  0.5450094
0.8967386  0.5441646
0.8983635  0.5436311
0.9006488  0.5429173
0.9042426  0.5419393
0.9053191  0.5416463
0.9055502  0.5415834
0.9066091  0.5412952
0.9092702  0.540571
0.9099171  0.5403949
0.9104349  0.540254
0.9141942  0.5392309
0.9161462  0.5386997
0.9173296  0.5383776
0.917567  0.538313
0.9195916  0.537762
0.919867  0.537687
0.9221924  0.5370542
0.9283028  0.5353913
0.9311449  0.5346178
0.9326859  0.5341984
0.9332569  0.534043
0.9349587  0.5335798
0.9384065  0.5326415
0.9414048  0.5318255
0.9429065  0.5314168
0.9445498  0.5309696
0.9500464  0.5294925
0.9529473  0.5298758
0.9542408  0.5300467
0.9580794  0.5305538
0.9584071  0.5305972
0.9605997  0.5308868
0.9608512  0.5309201
0.9619709  0.531068
0.967728  0.5318287
0.9692285  0.5320269
0.9703574  0.5321761
0.9703672  0.5321774
0.9731075  0.5325395
0.9739431  0.5326499
0.9746303  0.5327407
0.9747762  0.5327599
0.9755685  0.5328646
0.9794209  0.5333736
0.9823577  0.5337617
0.9830625  0.5338548
0.9839782  0.5339758
0.9873386  0.5344198
0.9883559  0.5345542
0.9917278  0.5349997
0.9925174  0.535104
0.9937256  0.5352637
0.9937378  0.5352653
0.9948974  0.5354185
0.996967  0.5356919
0.9980368  0.5358333
0.9990293  0.5359644
0.999678  0.5360501
1.002707  0.5319866
1.005297  0.5280565
1.005576  0.5276337
1.00592  0.5271115
1.007403  0.5248626
1.008577  0.5230815
1.009179  0.5221688
1.009614  0.5215084
1.01229  0.5174493
1.013013  0.5163526
1.01672  0.5107293
1.01759  0.5094093
1.019124  0.5070819
1.01921  0.5069522
1.020793  0.5045495
1.020822  0.5045057
1.024473  0.4989681
1.024506  0.4989173
1.025011  0.4981511
1.02833  0.4931167
1.028401  0.4930089
1.029505  0.4913348
1.030291  0.490142
1.036918  0.4800884
1.039973  0.4754545
1.040371  0.474851
1.042614  0.4714477
1.042878  0.4710478
1.043863  0.4695536
1.045694  0.4667767
1.048427  0.4626297
1.048657  0.4622818
1.04886  0.4619728
1.050101  0.4602952
1.050615  0.4605547
1.051734  0.4611197
1.052483  0.4614975
1.053698  0.4621111
1.054758  0.4626461
1.056918  0.4637366
1.056993  0.4637743
1.060031  0.4653085
1.062803  0.4667078
1.062809  0.466711
1.064931  0.4677822
1.066503  0.4685755
1.066721  0.4686855
1.066981  0.4688168
1.067287  0.4689713
1.067903  0.4692823
1.069879  0.4702801
1.070098  0.4703906
1.070314  0.4704995
1.072475  0.4715906
1.075227  0.4729801
1.076224  0.4734833
1.076592  0.4736692
1.081243  0.4760172
1.081466  0.4761295
1.082612  0.4767085
1.082729  0.4767675
1.082957  0.4768828
1.084165  0.4774926
1.084818  0.4778221
1.085161  0.4779954
1.085893  0.478365
1.086265  0.4785528
1.08836  0.4796103
1.090935  0.4809103
1.096239  0.483588
1.097236  0.4840914
1.098266  0.4846112
1.10177  0.4849244
1.102194  0.4847897
1.103772  0.4842881
1.104076  0.4841914
1.104415  0.4840838
1.104724  0.4839856
1.104853  0.4839446
1.105245  0.4838201
1.106782  0.4833316
1.108526  0.4827775
1.10955  0.4824521
1.110569  0.4821283
1.113007  0.4813537
1.114091  0.4810092
1.114941  0.480739
1.116302  0.4803066
1.11936  0.4793349
1.119963  0.4791432
1.120104  0.4790985
1.121275  0.4787263
1.123173  0.4781231
1.12453  0.477692
1.125278  0.4774541
1.125568  0.4773622
1.126966  0.4769179
1.127215  0.4768388
1.127358  0.4767932
1.129603  0.4760798
1.130376  0.4758344
1.131282  0.4755465
1.132226  0.4752463
1.135539  0.4741937
1.13795  0.4734276
1.138907  0.4731235
1.140779  0.4725284
1.141737  0.4722241
1.142211  0.4720736
1.143587  0.4716364
1.145439  0.4710477
1.146143  0.470824
1.14703  0.4705421
1.147346  0.4704418
1.153167  0.4663838
1.154221  0.4653138
1.154649  0.4648797
1.157651  0.4618325
1.159342  0.4601161
1.160281  0.4591633
1.162497  0.4569141
1.162777  0.4566289
1.164063  0.4553239
1.169199  0.4501113
1.169782  0.4495194
1.170862  0.4484227
1.171433  0.4478436
1.171562  0.4477129
1.17265  0.4466084
1.174295  0.4449379
1.175315  0.4439031
1.175439  0.4437774
1.176936  0.4422576
1.178011  0.4411669
1.185203  0.4338665
1.186858  0.4321865
1.188921  0.4300922
1.189249  0.4297592
1.190808  0.4281769
1.191106  0.4278745
1.193576  0.4253673
1.193763  0.4251775
1.195333  0.4235847
1.196103  0.4228025
1.196909  0.4219844
1.197546  0.4213382
1.198181  0.4206939
1.20007  0.4186931
1.200892  0.4168984
1.201477  0.4156185
1.20256  0.4132517
1.204471  0.4090744
1.205494  0.406838
1.206192  0.4053125
1.206763  0.404065
1.20827  0.4007699
1.210386  0.3961454
1.213296  0.3897851
1.214081  0.3880691
1.214718  0.3866769
1.215152  0.3857292
1.224353  0.3656166
1.226572  0.360768
1.227727  0.358243
1.233237  0.3461997
1.233561  0.345491
1.233646  0.3453061
1.234779  0.3428284
1.235166  0.3419825
1.235276  0.341742
1.23644  0.3391971
1.239019  0.3335602
1.239921  0.3315897
1.242328  0.3263273
1.244143  0.3223604
1.244199  0.3222398
1.244727  0.3210848
1.245421  0.3195683
1.2469  0.3163351
1.247454  0.315123
1.247663  0.3146662
1.247665  0.3146623
1.250169  0.3094544
1.250802  0.3090606
1.252278  0.3081437
1.255275  0.3062813
1.258155  0.3044919
1.260178  0.3032351
1.260673  0.3029274
1.263469  0.3011906
1.264352  0.3006419
1.265841  0.2997162
1.266492  0.2993122
1.267953  0.2984042
1.268013  0.2983672
1.272842  0.2953664
1.27403  0.2946283
1.274234  0.2945014
1.274672  0.2942292
1.275616  0.2936428
1.276203  0.2932781
1.2803  0.2907328
1.282494  0.2893697
1.284191  0.2883147
1.284484  0.2881329
1.2858  0.2873152
1.287559  0.2862223
1.288644  0.285548
1.289045  0.2852989
1.290514  0.2843864
1.300546  0.2781528
1.301681  0.2774475
1.303002  0.276627
1.30372  0.276181
1.304712  0.2755643
1.304725  0.2755562
1.307155  0.2740466
1.310936  0.2716975
1.311465  0.2713685
1.314114  0.2697229
1.314655  0.2693863
1.314817  0.2692857
1.315422  0.2689101
1.318231  0.2671647
1.318811  0.2668042
1.319241  0.2665369
1.320961  0.2654682
1.322915  0.2642542
1.323005  0.2641986
1.324889  0.2630275
1.324963  0.2629817
1.325036  0.2629365
1.32568  0.2625363
1.327087  0.2616618
1.327799  0.2612194
1.328004  0.2610923
1.3294  0.2602247
1.329949  0.2598835
1.332515  0.2582896
1.332873  0.2580669
1.338217  0.2547464
1.33872  0.254434
1.342878  0.2518505
1.343073  0.2517295
1.344333  0.2509462
1.344534  0.2508213
1.345131  0.2504505
1.345621  0.2501459
1.346447  0.2496329
1.347271  0.249121
1.348714  0.2482241
1.351434  0.2465346
1.352304  0.2459938
1.352564  0.2458324
1.352821  0.2456725
1.353819  0.2450526
1.354518  0.2446179
1.361933  0.2400106
1.363161  0.2392482
1.364975  0.2381208
1.365632  0.2377128
1.368509  0.2359248
1.369771  0.2351406
1.37078  0.2345139
1.371086  0.2343235
1.375949  0.231302
1.376306  0.2310804
1.377052  0.2306167
1.377841  0.2301264
1.379311  0.2292134
1.379812  0.2289017
1.381166  0.228061
1.381348  0.2279479
1.38372  0.2264737
1.386658  0.2246483
1.390109  0.2225039
1.390616  0.2221893
1.392409  0.2210752
1.392564  0.2209789
1.392567  0.2209768
1.397096  0.2181628
1.397292  0.2180407
1.397792  0.2177306
1.398686  0.217175
1.400569  0.2160047
1.401873  0.2151949
1.401946  0.215149
1.404005  0.2138699
1.40436  0.2136493
1.40753  0.21168
1.408547  0.2110475
1.410852  0.2096154
1.411613  0.2091425
1.411874  0.2089805
1.415534  0.2067066
1.416261  0.2062549
1.418009  0.2051689
1.419681  0.20413
1.419908  0.2039885
1.422214  0.202556
1.424067  0.2014049
1.424372  0.2012151
1.425796  0.2003305
1.426916  0.1996346
1.428934  0.1983808
1.428936  0.1983791
1.429852  0.1978103
1.430369  0.1974888
1.430421  0.1974567
1.43198  0.1964883
1.432546  0.1961364
1.435047  0.1945826
1.435846  0.1940859
1.436728  0.1935381
1.436983  0.1933795
1.441052  0.1908513
1.443722  0.1891921
1.449217  0.1857779
1.449659  0.1855031
1.450002  0.1852902
1.45023  0.1851488
1.454893  0.1822515
1.456634  0.1811695
1.45723  0.1807991
1.459345  0.1794852
1.462365  0.1776084
1.465146  0.175881
1.465607  0.1755942
1.467097  0.1746687
1.46844  0.1738341
1.469084  0.1734336
1.470551  0.1725225
1.477631  0.1681231
1.477666  0.1681017
1.478116  0.1678218
1.48608  0.1628738
1.486376  0.16269
1.486585  0.1625601
1.487327  0.1620989
1.49035  0.1602206
1.49127  0.1596485
1.49165  0.159413
1.494056  0.1579179
1.495916  0.1567621
1.497232  0.1559447
1.499306  0.1546555
1.499647  0.1544436
1.500532  0.1541802
1.502551  0.1540118
1.505052  0.1538033
1.505861  0.1537359
1.506681  0.1536675
1.507492  0.1535999
1.509674  0.153418
1.512744  0.1531619
1.513448  0.1531032
1.514545  0.1530118
1.515739  0.1529122
1.515838  0.152904
1.519246  0.1526198
1.519615  0.152589
1.520507  0.1525146
1.523942  0.1522282
1.524199  0.1522068
1.526469  0.1520175
1.526725  0.1519962
1.527118  0.1519634
1.531362  0.1516095
1.531817  0.1515716
1.532277  0.1515332
1.532333  0.1515286
1.533496  0.1514316
1.533601  0.1514229
1.533606  0.1514224
1.534386  0.1513574
1.535581  0.1512578
1.535768  0.1512422
1.53695  0.1511436
1.541908  0.1507302
1.544309  0.15053
1.545741  0.1504106
1.545996  0.1503893
1.547322  0.1502788
1.548795  0.1501559
1.551878  0.1498989
1.553026  0.1498031
1.555145  0.1496265
1.555948  0.1495595
1.556226  0.1495363
1.557535  0.1494272
1.557851  0.1494008
1.558105  0.1493796
1.561857  0.1490668
1.565905  0.1487293
1.572181  0.148206
1.572956  0.1481414
1.573754  0.1480748
1.573868  0.1480653
1.574282  0.1480308
1.579892  0.147563
1.582786  0.1473217
1.584003  0.1472202
1.584416  0.1471858
1.584488  0.1471798
1.58453  0.1471763
1.585402  0.1471036
1.58863  0.1468344
1.591237  0.1466171
1.592215  0.1465355
1.59228  0.1465301
1.592757  0.1464903
1.594514  0.1463438
1.595024  0.1463012
1.601535  0.1457583
1.603076  0.1456298
1.603853  0.1455651
1.606295  0.1453614
1.607107  0.1452938
1.60748  0.1452627
1.608138  0.1452078
1.608324  0.1451923
1.608375  0.145188
1.611305  0.1449437
1.614938  0.1446408
1.615729  0.1445749
1.616911  0.1444763
1.619377  0.1442707
1.619493  0.144261
1.621199  0.1441188
1.623829  0.1438995
1.624779  0.1438202
1.62659  0.1436693
1.626823  0.1436498
1.629222  0.1434498
1.629506  0.1434261
1.629864  0.1433963
1.63317  0.1431206
1.635034  0.1429652
1.635705  0.1429092
1.636181  0.1428695
1.636939  0.1428064
1.63705  0.1427971
1.637602  0.142751
1.637843  0.1427309
1.641217  0.1424496
1.641324  0.1424407
1.643523  0.1422573
1.647962  0.1418872
1.648142  0.1418722
1.649482  0.1417604
1.652203  0.1415336
1.653133  0.1414561
1.655389  0.1412679
1.656741  0.1411552
1.657977  0.1410521
1.658878  0.140977
1.661293  0.1407756
1.661684  0.140743
1.662197  0.1407003
1.662874  0.1406438
1.663201  0.1406165
1.664732  0.1404889
1.666206  0.140366
1.666674  0.1403269
1.666894  0.1403086
1.667076  0.1402934
1.669632  0.1400803
1.672081  0.1398761
1.672158  0.1398697
1.673031  0.1397969
1.674587  0.1396672
1.674898  0.1396412
1.677055  0.1394613
1.677634  0.1394131
1.677878  0.1393928
1.680835  0.1391462
1.680915  0.1391395
1.682551  0.1390031
1.682743  0.1389871
1.683428  0.13893
1.686736  0.1386542
1.690057  0.1383772
1.690323  0.138355
1.694115  0.1380388
1.699504  0.1375895
1.704116  0.1372049
1.708369  0.1368504
1.708683  0.1368242
1.710998  0.1366312
1.713189  0.1364484
1.717107  0.1361218
1.717881  0.1360573
1.718646  0.1359934
1.721708  0.1357381
1.722005  0.1357133
1.724691  0.1354894
1.725512  0.135421
1.729739  0.1350685
1.730251  0.1350258
1.733571  0.134749
1.737612  0.134412
1.739567  0.134249
1.741083  0.1341226
1.741087  0.1341223
1.742808  0.1339788
1.743853  0.1338916
1.74619  0.1336967
1.74798  0.1335475
1.749359  0.1334325
1.751247  0.1333694
1.751817  0.133365
1.752083  0.133363
1.752785  0.1333576
1.758325  0.1333148
1.758591  0.1333128
1.759741  0.1333039
1.76133  0.1332916
1.763672  0.1332735
1.764025  0.1332708
1.764685  0.1332657
1.765006  0.1332632
1.76644  0.1332522
1.766465  0.133252
1.766914  0.1332485
1.768413  0.1332369
1.768426  0.1332368
1.76843  0.1332368
1.769673  0.1332272
1.770164  0.1332234
1.772809  0.133203
1.775344  0.1331834
1.777392  0.1331676
1.782881  0.1331253
1.783273  0.1331222
1.783505  0.1331204
1.786498  0.1330973
1.786959  0.1330938
1.78896  0.1330783
1.790852  0.1330637
1.791789  0.1330565
1.794158  0.1330382
1.794791  0.1330333
1.796405  0.1330209
1.797349  0.1330136
1.798971  0.1330011
1.800998  0.1329854
1.801935  0.1329782
1.805686  0.1329492
1.805758  0.1329487
1.805792  0.1329484
1.811485  0.1329045
1.811586  0.1329037
1.813658  0.1328877
1.814938  0.1328778
1.816065  0.1328691
1.817144  0.1328608
1.818945  0.1328469
1.823332  0.132813
1.825526  0.1327961
1.825775  0.1327941
1.826817  0.1327861
1.827233  0.1327829
1.829748  0.1327635
1.831011  0.1327537
1.832093  0.1327454
1.833545  0.1327342
1.834572  0.1327262
1.834684  0.1327254
1.83497  0.1327232
1.835778  0.1327169
1.83678  0.1327092
1.838843  0.1326933
1.839393  0.132689
1.839445  0.1326886
1.842008  0.1326688
1.842378  0.132666
1.84299  0.1326613
1.842997  0.1326612
1.844727  0.1326478
1.845847  0.1326392
1.845881  0.1326389
1.847294  0.132628
1.852153  0.1325905
1.852309  0.1325893
1.853602  0.1325793
1.853892  0.1325771
1.854203  0.1325747
1.857396  0.13255
1.85779  0.132547
1.857857  0.1325465
1.859579  0.1325332
1.861269  0.1325202
1.865609  0.1324866
1.866329  0.1324811
1.866871  0.1324769
1.867942  0.1324686
1.869246  0.1324586
1.871242  0.1324432
1.873109  0.1324288
1.877155  0.1323975
1.87741  0.1323956
1.879279  0.1323811
1.880132  0.1323745
1.881401  0.1323647
1.882633  0.1323552
1.883933  0.1323452
1.886728  0.1323236
1.888187  0.1323124
1.889253  0.1323041
1.890734  0.1322927
1.891424  0.1322874
1.891802  0.1322845
1.891872  0.1322839
1.892443  0.1322795
1.893426  0.1322719
1.894979  0.1322599
1.898737  0.1322309
1.899132  0.1322279
1.900384  0.1322182
1.900926  0.132214
1.904938  0.1321831
1.905789  0.1321765
1.906098  0.1321741
1.906776  0.1321689
1.908045  0.1321591
1.908287  0.1321572
1.90887  0.1321527
1.913532  0.1321167
1.915151  0.1321042
1.915386  0.1321024
1.916152  0.1320965
1.919093  0.1320738
1.920587  0.1320623
1.921002  0.1320591
1.921792  0.132053
1.922883  0.1320445
1.925338  0.1320256
1.926867  0.1320138
1.926974  0.132013
1.92851  0.1320011
1.929443  0.1319939
1.930987  0.131982
1.930988  0.131982
1.934465  0.1319551
1.935283  0.1319488
1.936802  0.1319371
1.939228  0.1319184
1.939737  0.1319144
1.939754  0.1319143
1.940625  0.1319076
1.942898  0.13189
1.943102  0.1318885
1.945213  0.1318722
1.946586  0.1318616
1.949283  0.1318407
1.949837  0.1318365
1.950625  0.1318304
1.95451  0.1318004
1.954826  0.131798
1.955523  0.1317926
1.95744  0.1317778
1.958715  0.1317679
1.959956  0.1317584
1.962831  0.1317362
1.962888  0.1317357
1.963442  0.1317314
1.965046  0.1317191
1.967452  0.1317005
1.969411  0.1316854
1.969445  0.1316851
1.970108  0.13168
1.971372  0.1316702
1.973451  0.1316542
1.975631  0.1316374
1.977821  0.1316205
1.97948  0.1316076
1.979769  0.1316054
1.979887  0.1316045
1.981097  0.1315952
1.98326  0.1315785
1.985429  0.1315617
1.986456  0.1315538
1.987242  0.1315477
1.990463  0.1315229
1.990525  0.1315224
1.99202  0.1315108
1.993722  0.1314977
1.9959  0.1314809
1.996428  0.1314768
1.99972  0.1314514
1.999749  0.1314512
2.004145  0.1311227
2.004517  0.1310934
2.00478  0.1310727
2.005041  0.1310522
2.007927  0.1308249
2.013281  0.1304031
2.013618  0.1303765
2.014603  0.130299
2.015795  0.130205
2.015816  0.1302034
2.019712  0.1298965
2.021676  0.1297418
2.024436  0.1295244
2.030465  0.1290495
2.030891  0.1290159
2.031887  0.1289375
2.032024  0.1289267
2.032919  0.1288561
2.032956  0.1288533
2.033201  0.128834
2.03339  0.1288191
2.03383  0.1287844
2.035064  0.1286872
2.035319  0.1286672
2.035578  0.1286468
2.037306  0.1285106
2.0402  0.1282826
2.04202  0.1281393
2.042217  0.1281237
2.042548  0.1280977
2.045181  0.1278903
2.050801  0.1274476
2.05165  0.1273807
2.052273  0.1273316
2.053452  0.1272387
2.055344  0.1270898
2.05559  0.1270704
2.057722  0.1269024
2.058251  0.1268608
2.059638  0.1267515
2.060629  0.1266734
2.06064  0.1266726
2.061188  0.1266294
2.061735  0.1265863
2.062138  0.1265546
2.06239  0.1265347
2.068127  0.1260828
2.069532  0.1259721
2.069922  0.1259414
2.070537  0.125893
2.074318  0.1255951
2.074353  0.1255923
2.074685  0.1255662
2.07571  0.1254855
2.075809  0.1254777
2.077828  0.1253187
2.078232  0.1252868
2.084108  0.124824
2.088508  0.1244773
2.089181  0.1244243
2.092159  0.1241898
2.095529  0.1239243
2.097555  0.1237647
2.097884  0.1237388
2.099367  0.123622
2.100433  0.123538
2.105255  0.1231582
2.105487  0.1231399
2.105576  0.1231329
2.106058  0.123095
2.107651  0.1229695
2.108113  0.1229331
2.109023  0.1228613
2.122843  0.1217728
2.122965  0.1217632
2.124922  0.121609
2.125498  0.1215636
2.125834  0.1215372
2.125913  0.1215309
2.126157  0.1215117
2.12662  0.1214752
2.128123  0.1213569
2.128345  0.1213394
2.131142  0.121119
2.131204  0.1211142
2.133914  0.1209007
2.13476  0.1208341
2.136675  0.1206832
2.137148  0.1206459
2.137875  0.1205887
2.141744  0.1202839
2.143525  0.1201436
2.144903  0.1200351
2.146083  0.1199421
2.146628  0.1198992
2.146778  0.1198874
2.147662  0.1198177
2.153375  0.1193677
2.153817  0.1193329
2.154795  0.1192559
2.154822  0.1192537
2.156056  0.1191565
2.158373  0.118974
2.158417  0.1189705
2.160399  0.1188144
2.161641  0.1187166
2.166513  0.1183329
2.16733  0.1182685
2.168098  0.118208
2.169785  0.1180751
2.172377  0.1178709
2.173171  0.1178083
2.17488  0.1176738
2.175411  0.1176319
2.176115  0.1175764
2.176359  0.1175573
2.178885  0.1173583
2.18152  0.1171507
2.183376  0.1170045
2.184561  0.1169112
2.185227  0.1168587
2.185777  0.1168154
2.187296  0.1166957
2.190977  0.1164058
2.191743  0.1163454
2.192153  0.1163131
2.192218  0.116308
2.192405  0.1162933
2.193986  0.1161687
2.194932  0.1160942
2.199293  0.1157507
2.20034  0.1156682
2.202087  0.1155306
2.203176  0.1154448
2.203332  0.1154325
2.205415  0.1152684
2.210636  0.1148572
2.211484  0.1147904
2.214226  0.1145744
2.215276  0.1144917
2.215888  0.1144435
2.217767  0.1142955
2.218737  0.1142191
2.220175  0.1141058
2.220332  0.1140934
2.223404  0.1138514
2.223657  0.1138315
2.227742  0.1135097
2.228796  0.1134267
2.229725  0.1133536
2.230772  0.1132711
2.23126  0.1132326
2.231376  0.1132235
2.237244  0.1127613
2.238089  0.1126947
2.238205  0.1126856
2.238277  0.1126799
2.238442  0.1126669
2.239832  0.1125574
2.240535  0.112502
2.241293  0.1124423
2.245418  0.1121173
2.246641  0.112021
2.248168  0.1119008
2.251487  0.1117113
2.252667  0.1116754
2.253752  0.1116425
2.254701  0.1116136
2.255707  0.1115831
2.256319  0.1115645
2.259319  0.1114733
2.260775  0.1114291
2.261502  0.111407
2.262115  0.1113884
2.262408  0.1113795
2.26295  0.111363
2.263292  0.1113526
2.265184  0.1112951
2.26731  0.1112306
2.267747  0.1112173
2.270312  0.1111394
2.272602  0.1110698
2.27381  0.1110331
2.274  0.1110273
2.274265  0.1110193
2.276556  0.1109497
2.278141  0.1109015
2.278624  0.1108869
2.278822  0.1108808
2.279621  0.1108565
2.280384  0.1108334
2.280559  0.1108281
2.286363  0.1106517
2.288878  0.1105753
2.289346  0.1105611
2.289905  0.1105441
2.290087  0.1105386
2.295545  0.1103728
2.297876  0.110302
2.300338  0.1102272
2.302655  0.1101568
2.302958  0.1101476
2.303244  0.1101389
2.303448  0.1101327
2.303782  0.1101226
2.304128  0.110112
2.305972  0.110056
2.306463  0.1100411
2.309487  0.1099492
2.313998  0.1098122
2.315611  0.1097632
2.316726  0.1097293
2.318101  0.1096875
2.320189  0.1096241
2.321177  0.1095941
2.323425  0.1095258
2.324576  0.1094908
2.325336  0.1094677
2.326773  0.1094241
2.328622  0.1093679
2.328998  0.1093565
2.330385  0.1093143
2.333116  0.1092314
2.33605  0.1091422
2.336061  0.1091419
2.336567  0.1091265
2.33909  0.1090499
2.34093  0.108994
2.342054  0.1089598
2.342656  0.1089415
2.342989  0.1089314
2.344103  0.1088976
2.345776  0.1088468
2.347361  0.1087986
2.350984  0.1086885
2.35249  0.1086428
2.354062  0.108595
2.354105  0.1085937
2.35506  0.1085647
2.356626  0.1085172
2.357339  0.1084955
2.35751  0.1084903
2.358443  0.1084619
2.360906  0.1083871
2.362413  0.1083413
2.362416  0.1083412
2.363264  0.1083155
2.364987  0.1082631
2.366295  0.1082234
2.366405  0.1082201
2.367286  0.1081933
2.369117  0.1081377
2.371521  0.1080646
2.375958  0.1079298
2.377993  0.107868
2.379248  0.1078299
2.383741  0.1076934
2.384824  0.1076605
2.386724  0.1076028
2.388168  0.1075589
2.388203  0.1075578
2.392305  0.1074332
2.392333  0.1074324
2.393855  0.1073861
2.39483  0.1073565
2.395155  0.1073466
2.396018  0.1073204
2.396114  0.1073175
2.398328  0.1072502
2.39968  0.1072091
2.403162  0.1071034
2.405257  0.1070397
2.405261  0.1070396
2.406898  0.1069899
2.408202  0.1069503
2.410492  0.1068807
2.410871  0.1068692
2.41152  0.1068495
2.411641  0.1068458
2.412441  0.1068215
2.413326  0.1067946
2.413391  0.1067926
2.414298  0.1067651
2.415948  0.1067149
2.416243  0.106706
2.416935  0.106685
2.418033  0.1066516
2.424309  0.1064609
2.425977  0.1064103
2.428699  0.1063276
2.431693  0.1062366
2.432495  0.1062122
2.433655  0.106177
2.435745  0.1061135
2.437437  0.1060621
2.438442  0.1060316
2.443263  0.1058851
2.443412  0.1058806
2.44517  0.1058272
2.445891  0.1058053
2.44973  0.1056886
2.450964  0.1056512
2.45456  0.1055419
2.455072  0.1055263
2.457104  0.1054646
2.457661  0.1054477
2.461093  0.1053434
2.461542  0.1053298
2.463964  0.1052562
2.468823  0.1051086
2.470174  0.1050675
2.471582  0.1050248
2.472951  0.1049832
2.477296  0.1048512
2.477616  0.1048415
2.478426  0.1048169
2.478597  0.1048117
2.478923  0.1048017
2.482624  0.1046893
2.486357  0.1045759
2.487453  0.1045426
2.487962  0.1045271
2.49013  0.1044613
2.490926  0.1044371
2.493513  0.1043585
2.493724  0.1043521
2.49571  0.1042917
2.496105  0.1042798
2.499766  0.1041685
2.501943  0.1041633
2.502855  0.1041642
2.502993  0.1041643
2.503789  0.1041651
2.503996  0.1041653
2.505454  0.1041666
2.509264  0.1041703
2.509765  0.1041708
2.510138  0.1041711
2.5121  0.104173
2.513126  0.104174
2.513654  0.1041745
2.513822  0.1041746
2.514698  0.1041755
2.514854  0.1041756
2.514877  0.1041757
2.51593  0.1041767
2.516323  0.104177
2.518388  0.104179
2.519198  0.1041798
2.519959  0.1041805
2.520773  0.1041813
2.520946  0.1041815
2.522346  0.1041828
2.522933  0.1041834
2.523591  0.104184
2.524291  0.1041847
2.52526  0.1041856
2.525328  0.1041856
2.529318  0.1041895
2.530327  0.1041904
2.531442  0.1041915
2.531536  0.1041916
2.531982  0.104192
2.535352  0.1041952
2.537004  0.1041968
2.537244  0.104197
2.538031  0.1041978
2.538871  0.1041986
2.540857  0.1042005
2.542037  0.1042016
2.542265  0.1042018
2.543763  0.1042033
2.544902  0.1042044
2.547353  0.1042067
2.550563  0.1042098
2.553734  0.1042128
2.553795  0.1042129
2.556151  0.1042151
2.558848  0.1042177
2.562115  0.1042208
2.562559  0.1042212
2.564251  0.1042229
2.564287  0.1042229
2.565475  0.104224
2.565605  0.1042241
2.56571  0.1042242
2.567806  0.1042262
2.568954  0.1042273
2.573836  0.104232
2.575867  0.104234
2.577375  0.1042354
2.57756  0.1042356
2.57874  0.1042367
2.585376  0.104243
2.58783  0.1042454
2.587875  0.1042454
2.58804  0.1042456
2.588541  0.1042461
2.588828  0.1042463
2.589086  0.1042466
2.589992  0.1042475
2.593545  0.1042509
2.597265  0.1042544
2.598448  0.1042555
2.599918  0.1042569
2.602062  0.104259
2.60288  0.1042598
2.603531  0.1042604
2.605889  0.1042627
2.60787  0.1042645
2.610247  0.1042668
2.611808  0.1042683
2.612527  0.104269
2.612949  0.1042694
2.616158  0.1042725
2.616893  0.1042732
2.617308  0.1042736
2.618699  0.1042749
2.619928  0.1042761
2.621368  0.1042775
2.621456  0.1042775
2.622335  0.1042784
2.62408  0.10428
2.624144  0.1042801
2.625872  0.1042818
2.626855  0.1042827
2.627895  0.1042837
2.628175  0.104284
2.629296  0.104285
2.631692  0.1042873
2.633668  0.1042892
2.635202  0.1042907
2.63578  0.1042912
2.636059  0.1042915
2.636688  0.1042921
2.637032  0.1042924
2.637314  0.1042927
2.638047  0.1042934
2.638407  0.1042937
2.641763  0.1042969
2.643052  0.1042982
2.643538  0.1042986
2.645671  0.1043007
2.646465  0.1043014
2.648188  0.1043031
2.649399  0.1043042
2.649633  0.1043045
2.65  0.1043048
2.650565  0.1043054
2.650757  0.1043055
2.652724  0.1043074
2.657725  0.1043122
2.658956  0.1043134
2.659225  0.1043136
2.659847  0.1043142
2.662551  0.1043168
2.66538  0.1043195
2.666394  0.1043205
2.668812  0.1043228
2.669443  0.1043234
2.671147  0.104325
2.674969  0.1043287
2.675461  0.1043292
2.676063  0.1043297
2.678309  0.1043319
2.679163  0.1043327
2.682304  0.1043357
2.683544  0.1043369
2.689247  0.1043423
2.692843  0.1043458
2.693422  0.1043463
2.694303  0.1043472
2.694615  0.1043475
2.695382  0.1043482
2.695972  0.1043488
2.696314  0.1043491
2.696844  0.1043496
2.697507  0.1043502
2.703278  0.1043558
2.704273  0.1043567
2.704307  0.1043567
2.706132  0.1043585
2.707086  0.1043594
2.707818  0.1043601
2.709625  0.1043618
2.711136  0.1043633
2.715716  0.1043676
2.716752  0.1043686
2.718582  0.1043704
2.72004  0.1043718
2.720251  0.104372
2.72206  0.1043737
2.722911  0.1043745
2.724326  0.1043759
2.724686  0.1043762
2.727019  0.1043784
2.727678  0.1043791
2.729389  0.1043807
2.730481  0.1043818
2.730784  0.104382
2.730937  0.1043822
2.731536  0.1043828
2.732508  0.1043837
2.733206  0.1043844
2.734095  0.1043852
2.736553  0.1043876
2.738647  0.1043896
2.739758  0.1043906
2.741224  0.104392
2.744859  0.1043955
2.747502  0.104398
2.751267  0.10435
2.752177  0.1043139
2.753661  0.1042548
2.754123  0.1042364
2.754643  0.1042158
2.75478  0.1042103
2.757451  0.1041041
2.757503  0.104102
2.759542  0.104021
2.759693  0.104015
2.760029  0.1040016
2.760587  0.1039794
2.761383  0.1039478
2.762986  0.103884
2.763044  0.1038817
2.764128  0.1038386
2.764568  0.1038211
2.765274  0.103793
2.76546  0.1037857
2.765713  0.1037756
2.765726  0.1037751
2.76638  0.1037491
2.769045  0.1036431
2.76948  0.1036258
2.769713  0.1036165
2.771166  0.1035587
2.772714  0.1034972
2.772719  0.103497
2.77527  0.1033955
2.776881  0.1033315
2.779675  0.1032204
2.779711  0.1032189
2.780215  0.1031989
2.784122  0.1030435
2.78466  0.1030221
2.784945  0.1030108
2.786343  0.1029552
2.787124  0.1029241
2.789268  0.1028389
2.792049  0.1027283
2.799811  0.1024196
2.800821  0.1023795
2.802392  0.102317
2.805942  0.1021758
2.80642  0.1021568
2.808954  0.1020561
2.810087  0.102011
2.812215  0.1019264
2.814085  0.101852
2.815982  0.1017766
2.817371  0.1017213
2.8183  0.1016844
2.820334  0.1016035
2.820508  0.1015966
2.820657  0.1015907
2.820674  0.10159
2.823354  0.1014834
2.826265  0.1013677
2.828  0.1012987
2.829256  0.1012487
2.829352  0.1012449
2.831311  0.101167
2.831433  0.1011622
2.832348  0.1011258
2.832911  0.1011034
2.833815  0.1010674
2.835001  0.1010203
2.836063  0.100978
2.838342  0.1008874
2.838664  0.1008746
2.840835  0.1007883
2.846705  0.1005548
2.847081  0.1005399
2.847361  0.1005287
2.849161  0.1004572
2.849408  0.1004474
2.849934  0.1004264
2.850937  0.1003866
2.850971  0.1003852
2.851631  0.1003589
2.854213  0.1002563
2.855929  0.100188
2.857162  0.100139
2.857295  0.1001337
2.86156  0.09996411
2.861658  0.09996021
2.867983  0.09970871
2.869291  0.09965667
2.870002  0.09962841
2.870163  0.09962203
2.87059  0.09960501
2.87067  0.09960187
2.873133  0.09950392
2.873247  0.09949939
2.873451  0.09949126
2.874414  0.09945297
2.876385  0.0993746
2.879778  0.09923968
2.880874  0.09919608
2.883366  0.09909696
2.88757  0.09892979
2.887881  0.09891743
2.890757  0.09880309
2.890775  0.09880234
2.893155  0.0987077
2.893792  0.0986824
2.895988  0.09859505
2.896539  0.09857316
2.898345  0.09850134
2.898992  0.09847561
2.899503  0.0984553
2.904255  0.0982663
2.905783  0.09820555
2.906358  0.09818268
2.906426  0.09817999
2.908991  0.098078
2.910573  0.09801508
2.913794  0.09788699
2.915799  0.09780724
2.916001  0.09779922
2.916932  0.09776221
2.918397  0.09770395
2.919197  0.09767214
2.91999  0.09764057
2.92187  0.09756582
2.922378  0.09754562
2.922491  0.09754112
2.922764  0.09753029
2.923851  0.09748704
2.924472  0.09746236
2.925601  0.09741745
2.926035  0.09740019
2.927228  0.09735277
2.928392  0.09730649
2.930023  0.09724162
2.931805  0.09717076
2.936983  0.09696486
2.938693  0.09689687
2.9388  0.09689259
2.940179  0.09683775
2.940248  0.096835
2.940625  0.09682002
2.943345  0.09671187
2.943434  0.09670833
2.94512  0.09664127
2.945204  0.09663792
2.945387  0.09663064
2.946372  0.09659149
2.946671  0.0965796
2.947102  0.09656247
2.947267  0.0965559
2.949113  0.09648249
2.94916  0.09648062
2.952063  0.09636516
2.952719  0.0963391
2.954339  0.09627466
2.958554  0.09610704
2.959844  0.09605578
2.960738  0.09602022
2.960862  0.09601526
2.961912  0.09597353
2.962241  0.09596046
2.96333  0.09591712
2.963554  0.09590823
2.964235  0.09588114
2.968371  0.09571665
2.968959  0.09569331
2.970039  0.09565035
2.970466  0.09563336
2.972464  0.0955539
2.973952  0.09549475
2.976759  0.0953831
2.976843  0.09537979
2.980558  0.09523204
2.987573  0.09495308
2.98801  0.0949357
2.991396  0.09480106
2.997924  0.09454147
2.998083  0.09453514
2.999194  0.09449095
2.999787  0.09446738
2.999834  0.09446552
3.00203  0.09442392
3.003101  0.09440548
3.003959  0.09439069
3.006663  0.09434409
3.009481  0.09429553
3.009517  0.09429491
3.010307  0.09428129
3.011508  0.09426059
3.011976  0.09425252
3.012104  0.09425032
3.013837  0.09422046
3.016469  0.09417511
3.017898  0.09415047
3.019437  0.09412395
3.021748  0.09408413
3.02475  0.0940324
3.025382  0.0940215
3.025448  0.09402038
3.026373  0.09400442
3.02761  0.09398312
3.028328  0.09397074
3.029375  0.09395269
3.030643  0.09393084
3.03201  0.09390729
3.032719  0.09389507
3.034409  0.09386594
3.034699  0.09386095
3.035466  0.09384772
3.036913  0.0938228
3.03816  0.09380131
3.039261  0.09378234
3.040202  0.09376611
3.042206  0.09373158
3.04357  0.09370807
3.048278  0.09362694
3.049336  0.09360871
3.049389  0.0936078
3.051954  0.0935636
3.055139  0.0935087
3.055566  0.09350136
3.059398  0.09343531
3.060406  0.09341794
3.06053  0.09341581
3.060977  0.0934081
3.061174  0.0934047
3.063047  0.09337243
3.065547  0.09332935
3.06578  0.09332533
3.065976  0.09332196
3.067128  0.0933021
3.067959  0.09328779
3.069711  0.09325758
3.071353  0.0932293
3.073938  0.09318475
3.075371  0.09316005
3.075759  0.09315336
3.075773  0.09315313
3.076147  0.09314668
3.077874  0.09311691
3.078973  0.09309798
3.080726  0.09306778
3.082294  0.09304075
3.084938  0.09299518
3.085559  0.09298449
3.086294  0.09297181
3.089856  0.09291044
3.090812  0.09289396
3.091038  0.09289006
3.091349  0.09288471
3.094137  0.09283665
3.094874  0.09282396
3.0962  0.09280112
3.097547  0.0927779
3.098448  0.09276237
3.100668  0.09272411
3.101847  0.0927038
3.107319  0.09260949
3.108268  0.09259314
3.108594  0.09258753
3.109226  0.09257663
3.111037  0.09254542
3.11282  0.0925147
3.113934  0.09249549
3.114967  0.0924777
3.116739  0.09244716
3.120085  0.0923895
3.122199  0.09235306
3.123281  0.09233442
3.130112  0.0922167
3.131919  0.09218557
3.13321  0.09216332
3.133797  0.0921532
3.134358  0.09214353
3.134729  0.09213714
3.135226  0.09212858
3.135383  0.09212587
3.138565  0.09207103
3.141788  0.09201549
3.143465  0.09198659
3.144795  0.09196367
3.145737  0.09194744
3.147312  0.09192029
3.15103  0.09185622
3.151116  0.09185474
3.151303  0.09185152
3.152163  0.0918367
3.153139  0.09181989
3.154429  0.09179765
3.154484  0.09179671
3.156323  0.09176501
3.156736  0.0917579
3.156976  0.09175376
3.158944  0.09171985
3.161153  0.09168178
3.161569  0.0916746
3.161866  0.09166949
3.162728  0.09165464
3.162737  0.09165449
3.163253  0.09164559
3.163284  0.09164506
3.163326  0.09164433
3.163856  0.0916352
3.165271  0.09161081
3.167445  0.09157336
3.168176  0.09156076
3.168476  0.09155558
3.172893  0.09147946
3.17542  0.09143592
3.175552  0.09143365
3.176438  0.09141838
3.179685  0.09136242
3.180101  0.09135524
3.180161  0.09135421
3.180851  0.09134232
3.181737  0.09132706
3.185043  0.09127008
3.185365  0.09126454
3.185546  0.09126142
3.185627  0.09126003
3.19084  0.09117019
3.191984  0.09115047
3.195454  0.09109068
3.195636  0.09108754
3.197887  0.09104874
3.199415  0.09102241
3.199651  0.09101834
3.201523  0.09098608
3.201749  0.09098219
3.202075  0.09097657
3.203997  0.09094345
3.206532  0.09089977
3.208877  0.09085936
3.210866  0.09082508
3.211079  0.09082141
3.211607  0.0908123
3.212331  0.09079983
3.219514  0.09067605
3.220231  0.0906637
3.221182  0.09064731
3.222834  0.09061884
3.223037  0.09061534
3.224687  0.09058691
3.224852  0.09058406
3.2259  0.090566
3.228503  0.09052115
3.229195  0.09050921
3.230075  0.09049406
3.231145  0.09047561
3.231949  0.09046176
3.232351  0.09045483
3.233301  0.09043846
3.233995  0.0904265
3.236899  0.09037646
3.239319  0.09033474
3.240534  0.09031382
3.241876  0.09029068
3.245523  0.09022784
3.251827  0.09004567
3.251944  0.09003898
3.255366  0.08984234
3.256639  0.08976915
3.258842  0.08964258
3.259915  0.08958093
3.261026  0.08951705
3.261736  0.08947629
3.263085  0.08939873
3.263705  0.08936312
3.263783  0.08935863
3.265546  0.08925732
3.270348  0.08898139
3.270775  0.08895685
3.272122  0.08887939
3.274932  0.08871794
3.276652  0.08861908
3.276816  0.08860965
3.27885  0.08849278
3.279064  0.08848048
3.283772  0.08820993
3.285475  0.08811207
3.286694  0.08804201
3.293514  0.08765009
3.293724  0.08763804
3.294118  0.08761539
3.294156  0.0876132
3.298926  0.08733908
3.299348  0.08731485
3.300745  0.08723457
3.301401  0.08719689
3.302586  0.08712877
3.309239  0.08674644
3.309315  0.08674207
3.312882  0.08653709
3.313994  0.08647321
3.314664  0.0864347
3.316518  0.08632815
3.316889  0.08630683
3.319501  0.08615675
3.32048  0.08610048
3.322028  0.08601154
3.322511  0.08598378
3.322705  0.08597263
3.323  0.08595569
3.323697  0.0859156
3.324733  0.08585607
3.326605  0.08574852
3.327176  0.08571565
3.327336  0.08570647
3.328435  0.08564331
3.331439  0.08547068
3.33472  0.08528217
3.335309  0.08524831
3.336111  0.08520221
3.33894  0.08503968
3.339866  0.08498642
3.340599  0.08494434
3.341077  0.08491687
3.34221  0.08485174
3.342911  0.08481143
3.346289  0.08461731
3.347446  0.08455087
3.349184  0.08445094
3.350795  0.08435837
3.350899  0.08435244
3.351006  0.08434627
3.35372  0.08419031
3.354551  0.08414254
3.356469  0.08403234
3.35893  0.08389089
3.35939  0.08386445
3.360163  0.08382005
3.360393  0.08380684
3.360779  0.08378465
3.361108  0.08376574
3.364031  0.08359779
3.365013  0.08354135
3.366271  0.08346905
3.366612  0.08344946
3.366861  0.08343516
3.367407  0.08340378
3.369719  0.08327088
3.371021  0.08319605
3.372001  0.08313979
3.37458  0.08299155
3.383609  0.08247267
3.384118  0.08244347
3.386094  0.08232991
3.386341  0.08231567
3.388354  0.08220001
3.38854  0.0821893
3.388638  0.0821837
3.389347  0.08214294
3.389354  0.08214258
3.390694  0.08206554
3.392572  0.08195763
3.392826  0.08194304
3.392896  0.08193902
3.39372  0.08189168
3.394893  0.08182427
3.395173  0.08180818
3.397904  0.0816512
3.400133  0.08152313
3.403486  0.08133042
3.406143  0.08117775
3.41007  0.08095208
3.410497  0.08092757
3.411362  0.08087783
3.41362  0.08074806
3.418604  0.08046168
3.419938  0.08038499
3.42009  0.08037629
3.421208  0.08031205
3.423071  0.08020495
3.423263  0.08019392
3.423916  0.08015643
3.427285  0.07996278
3.427345  0.07995936
3.427574  0.0799462
3.428181  0.0799113
3.430707  0.07976618
3.431875  0.07969905
3.431913  0.07969688
3.432275  0.07967608
3.432386  0.07966969
3.432621  0.07965619
3.433632  0.07959805
3.436321  0.07944353
3.439477  0.07926218
3.439942  0.07923544
3.441383  0.07915262
3.441419  0.07915056
3.442133  0.07910955
3.442659  0.07907934
3.443603  0.07902509
3.445401  0.07892177
3.445609  0.0789098
3.447203  0.07881819
3.447361  0.07880914
3.451634  0.07856355
3.45237  0.07852124
3.452737  0.0785002
3.455098  0.0783645
3.457444  0.07822967
3.458997  0.07814045
3.459442  0.07811487
3.459736  0.07809795
3.462964  0.07791247
3.464531  0.07782243
3.465703  0.07775508
3.467153  0.07767173
3.467524  0.07765042
3.468352  0.07760286
3.468354  0.07760275
3.469458  0.07753931
3.472439  0.07736799
3.473277  0.0773198
3.474764  0.07723435
3.475108  0.07721462
3.475458  0.07719451
3.476048  0.07716059
3.477799  0.07705996
3.480176  0.07692335
3.480481  0.07690585
3.48621  0.0765766
3.486645  0.07655165
3.489853  0.07636724
3.490856  0.07630961
3.49267  0.0762054
3.495293  0.07605465
3.497001  0.0759565
3.497019  0.07595549
3.498597  0.07586476
3.500037  0.07578439
3.50404  0.07580887
3.507603  0.07583067
3.511286  0.07585319
3.511775  0.07585619
3.512051  0.07585788
3.513637  0.07586758
3.514628  0.07587364
3.514636  0.07587369
3.518636  0.07589815
3.519484  0.07590335
3.521707  0.07591694
3.52186  0.07591788
3.522388  0.07592111
3.52243  0.07592137
3.522679  0.07592289
3.523218  0.07592618
3.52344  0.07592754
3.525475  0.07593999
3.526118  0.07594393
3.526892  0.07594866
3.527025  0.07594947
3.527028  0.07594949
3.52827  0.07595709
3.530629  0.07597152
3.530636  0.07597156
3.531061  0.07597416
3.533539  0.07598932
3.533544  0.07598935
3.53501  0.07599832
3.536773  0.0760091
3.53718  0.07601159
3.538195  0.0760178
3.540545  0.07603218
3.542801  0.07604597
3.545026  0.07605959
3.546185  0.07606668
3.546818  0.07607054
3.547248  0.07607318
3.547836  0.07607677
3.549  0.0760839
3.551387  0.0760985
3.552232  0.07610366
3.552895  0.07610772
3.553174  0.07610943
3.555366  0.07612284
3.555793  0.07612545
3.557449  0.07613558
3.557507  0.07613593
3.559183  0.07614619
3.559249  0.07614659
3.562893  0.07616888
3.563548  0.07617289
3.564235  0.07617709
3.565743  0.07618631
3.567879  0.07619938
3.570604  0.07621605
3.572363  0.07622681
3.5725  0.07622764
3.574944  0.0762426
3.581066  0.07628005
3.581894  0.07628511
3.584791  0.07630283
3.585286  0.07630586
3.587004  0.07631637
3.587093  0.07631691
3.587094  0.07631692
3.590726  0.07633914
3.592963  0.07635282
3.593364  0.07635527
3.594447  0.07636189
3.594509  0.07636228
3.596344  0.0763735
3.596548  0.07637475
3.598821  0.07638865
3.60002  0.07639599
3.600698  0.07640014
3.604346  0.07642245
3.60514  0.07642731
3.607266  0.07644031
3.608913  0.07645039
3.609673  0.07645504
3.610192  0.07645821
3.611029  0.07646333
3.611302  0.076465
3.612864  0.07647456
3.615275  0.0764893
3.615373  0.0764899
3.615985  0.07649365
3.61738  0.07650218
3.622862  0.07653571
3.622883  0.07653584
3.626296  0.07655672
3.62793  0.07656671
3.627998  0.07656713
3.629229  0.07657466
3.629617  0.07657704
3.629656  0.07657727
3.631346  0.07658761
3.634146  0.07660474
3.635212  0.07661126
3.63554  0.07661326
3.636594  0.07661972
3.636594  0.07661972
3.637783  0.07662699
3.638162  0.0766293
3.639051  0.07663474
3.639222  0.07663579
3.642118  0.07665351
3.644019  0.07666513
3.644304  0.07666687
3.644608  0.07666874
3.644627  0.07666885
3.644698  0.07666929
3.64715  0.07668428
3.648094  0.07669006
3.650428  0.07670434
3.650901  0.07670723
3.652505  0.07671704
3.655204  0.07673355
3.65789  0.07674998
3.657977  0.07675051
3.65914  0.07675763
3.659932  0.07676247
3.661034  0.07676921
3.661305  0.07677087
3.661419  0.07677157
3.661481  0.07677195
3.661893  0.07677447
3.663049  0.07678154
3.663864  0.07678653
3.666269  0.07680124
3.668154  0.07681277
3.669862  0.07682321
3.671042  0.07683043
3.671695  0.07683442
3.675043  0.07685491
3.675444  0.07685736
3.676529  0.076864
3.677815  0.07687186
3.679063  0.0768795
3.682407  0.07689995
3.68349  0.07690658
3.690499  0.07694945
3.691232  0.07695394
3.692641  0.07696256
3.697171  0.07699027
3.697188  0.07699037
3.70125  0.07701522
3.701706  0.07701801
3.701942  0.07701945
3.703381  0.07702825
3.705637  0.07704205
3.706885  0.07704969
3.709791  0.07706746
3.709801  0.07706752
3.710115  0.07706945
3.71066  0.07707278
3.711845  0.07708003
3.715397  0.07710176
3.718691  0.0771219
3.719984  0.07712982
3.723788  0.07715309
3.7241  0.077155
3.724854  0.0771596
3.727619  0.07717652
3.728512  0.07718198
3.729079  0.07718545
3.729572  0.07718847
3.730794  0.07719594
3.730993  0.07719715
3.731581  0.07720075
3.731945  0.07720298
3.733374  0.07721172
3.734301  0.0772174
3.736909  0.07723334
3.736981  0.07723379
3.737776  0.07723865
3.738167  0.07724104
3.739558  0.07724955
3.741114  0.07725907
3.741405  0.07726085
3.748944  0.07730696
3.74899  0.07730725
3.749449  0.07731005
3.750325  0.07730416
3.755528  0.07715568
3.756896  0.07711664
3.759513  0.07704196
3.759849  0.07703236
3.761769  0.07697757
3.762189  0.07696559
3.76253  0.07695587
3.766346  0.07684697
3.771231  0.07670756
3.776705  0.07655137
3.777237  0.07653619
3.779686  0.07646631
3.781217  0.07642261
3.782096  0.07639753
3.78264  0.07638199
3.782652  0.07638165
3.784009  0.07634292
3.784137  0.07633927
3.785755  0.07629311
3.786346  0.07627624
3.790006  0.07617179
3.791771  0.07612144
3.79317  0.07608152
3.793462  0.07607319
3.797444  0.07595955
3.797503  0.07595787
3.797589  0.07595542
3.800204  0.07588078
3.800934  0.07585997
3.801113  0.07585484
3.802127  0.0758259
3.803812  0.07577782
3.808824  0.07563479
3.81417  0.07548223
3.817503  0.07538713
3.81752  0.07538664
3.819729  0.0753236
3.821276  0.07527948
3.821473  0.07527386
3.821841  0.07526334
3.823147  0.07522607
3.824999  0.07517323
3.824999  0.07517323
3.825612  0.07515573
3.826704  0.07512457
3.827053  0.07511463
3.82853  0.07507247
3.835898  0.07486221
3.835903  0.07486206
3.837443  0.07481811
3.837501  0.07481647
3.838187  0.07479689
3.841787  0.07469415
3.842652  0.07466949
3.844073  0.07462892
3.847861  0.07452083
3.849048  0.07448695
3.849231  0.07448174
3.849823  0.07446486
3.850571  0.07444351
3.851467  0.07441794
3.85165  0.07441271
3.852736  0.07438172
3.85436  0.07433536
3.855433  0.07430476
3.855591  0.07430024
3.857681  0.07424062
3.85782  0.07423664
3.859791  0.07418039
3.867457  0.07396164
3.868294  0.07393774
3.871224  0.07385414
3.875371  0.07373579
3.875398  0.07373503
3.875419  0.07373442
3.875978  0.07371846
3.877405  0.07367776
3.879557  0.07361635
3.88125  0.07356804
3.881579  0.07355864
3.881856  0.07355074
3.88242  0.07353464
3.887269  0.07339627
3.888429  0.07336317
3.889044  0.07334562
3.889352  0.07333683
3.889679  0.07332749
3.8914  0.0732784
3.893618  0.0732151
3.893719  0.07321222
3.894138  0.07320026
3.894613  0.0731867
3.894942  0.0731773
3.896893  0.07312162
3.898065  0.07308819
3.899648  0.07304301
3.900742  0.07301181
3.903185  0.07294209
3.906874  0.0728368
3.908091  0.07280209
3.916987  0.07254824
3.917721  0.07252728
3.921463  0.07242049
3.922896  0.0723796
3.924362  0.07233778
3.930538  0.07216154
3.93077  0.07215491
3.931099  0.07214553
3.931209  0.07214238
3.932196  0.07211422
3.93236  0.07210954
3.936154  0.07200128
3.936364  0.07199529
3.942751  0.07181303
3.943583  0.07178928
3.943964  0.0717784
3.945857  0.07172439
3.947042  0.07169057
3.948746  0.07164196
3.949773  0.07161264
3.949996  0.07160628
3.95115  0.07157334
3.952361  0.07153878
3.954858  0.07146754
3.955012  0.07146314
3.955501  0.07144918
3.956993  0.07140659
3.959984  0.07132126
3.961325  0.07128298
3.961699  0.0712723
3.963838  0.07121128
3.964425  0.07119452
3.964886  0.07118137
3.967363  0.07111069
3.96824  0.07108565
3.971588  0.07099011
3.971757  0.07098531
3.972361  0.07096806
3.973215  0.07094368
3.97421  0.07091529
3.974782  0.07089897
3.975127  0.07088913
3.976532  0.07084904
3.977191  0.07083023
3.977316  0.07082665
3.977364  0.07082529
3.978902  0.0707814
3.978918  0.07078094
3.981467  0.07070821
3.983121  0.07066102
3.983264  0.07065694
3.983424  0.07065235
3.983455  0.07065148
3.987174  0.07054535
3.988131  0.07051804
3.989726  0.07047253
3.990824  0.0704412
3.994366  0.07034013
3.996125  0.07028993
3.998381  0.07022555
3.999055  0.0702063
3.999367  0.07019742
4.000853  0.07015047
4.001463  0.07012981
4.002876  0.07008197
4.003084  0.07007496
4.004832  0.07001577
4.011179  0.0698009
4.011628  0.06978573
4.011718  0.06978265
4.013267  0.06973023
4.014351  0.06969354
4.014758  0.06967977
4.014911  0.06967456
4.016115  0.06963383
4.016334  0.06962642
4.018069  0.06956766
4.018554  0.06955126
4.019567  0.06951696
4.021643  0.06944667
4.027951  0.06923316
4.028291  0.06922166
4.03161  0.06910929
4.034972  0.06899547
4.036821  0.0689329
4.039522  0.06884146
4.042683  0.06873445
4.044625  0.06866871
4.045227  0.06864834
4.046529  0.06860427
4.046893  0.06859193
4.048334  0.06854314
4.048926  0.06852312
4.049369  0.06850812
4.049618  0.0684997
4.052732  0.06839428
4.05407  0.068349
4.056677  0.06826072
4.057481  0.0682335
4.06005  0.06814653
4.06035  0.06813638
4.060973  0.06811531
4.062764  0.06805467
4.062954  0.06804824
4.063146  0.06804175
4.063992  0.0680131
4.064057  0.06801089
4.065966  0.06794627
4.069471  0.06782764
4.06953  0.06782563
4.071164  0.06777033
4.073677  0.06768526
4.073784  0.06768163
4.074257  0.0676656
4.075639  0.06761883
4.076008  0.06760635
4.076957  0.06757423
4.078167  0.06753324
4.079887  0.06747505
4.080822  0.06744337
4.08085  0.06744243
4.082201  0.06739669
4.087031  0.0672332
4.087146  0.06722931
4.088477  0.06718425
4.089317  0.06715581
4.090216  0.06712538
4.091772  0.06707269
4.09325  0.06702267
4.094434  0.0669826
4.096311  0.06691904
4.097429  0.0668812
4.102263  0.06671756
4.10337  0.0666801
4.104286  0.06664908
4.105162  0.06661943
4.105688  0.06660163
4.106034  0.06658991
4.10782  0.06652946
4.109647  0.06646761
4.11647  0.06623662
4.118444  0.0661698
4.118464  0.06616912
4.118559  0.06616592
4.118948  0.06615273
4.11898  0.06615166
4.120492  0.06610048
4.120496  0.06610033
4.1218  0.0660562
4.121897  0.0660529
4.122952  0.06601719
4.123954  0.06598328
4.124117  0.06597776
4.124492  0.06596506
4.12498  0.06594856
4.125907  0.06591718
4.126254  0.06590543
4.127323  0.06586922
4.12741  0.06586629
4.130183  0.06577242
4.131381  0.06573187
4.131582  0.06572505
4.131827  0.06571678
4.132636  0.06568938
4.133627  0.06565584
4.134603  0.06562281
4.135716  0.06558512
4.137935  0.06550999
4.140477  0.06542394
4.140661  0.06541773
4.141676  0.06538338
4.142908  0.06534166
4.143006  0.06533835
4.143339  0.06532706
4.143632  0.06531714
4.144779  0.06527832
4.149234  0.06512751
4.150179  0.06509553
4.153129  0.06499565
4.154843  0.06493762
4.155429  0.0649178
4.157824  0.06483674
4.158596  0.06481061
4.160115  0.06475919
4.164166  0.06462203
4.165239  0.0645857
4.165736  0.0645689
4.166872  0.06453042
4.170965  0.06439189
4.17123  0.06438292
4.171426  0.06437628
4.174666  0.06426659
4.176162  0.06421594
4.178477  0.06413759
4.17861  0.06413308
4.179031  0.06411882
4.181356  0.06404014
4.181507  0.06403503
4.183624  0.06396334
4.184345  0.06393893
4.185631  0.06389542
4.185914  0.06388584
4.187631  0.06382769
4.188535  0.06379709
4.189732  0.06375658
4.190345  0.06373585
4.193049  0.0636443
4.196006  0.06354419
4.197733  0.06348575
4.200946  0.06337696
4.20171  0.0633511
4.203952  0.06327522
4.205258  0.063231
4.218609  0.06277905
4.220812  0.06270446
4.223234  0.06262248
4.22468  0.06257354
4.227646  0.06247314
4.230946  0.06236143
4.233225  0.06228426
4.234205  0.0622511
4.235686  0.06220098
4.236203  0.06218345
4.236312  0.06217976
4.237246  0.06214817
4.237643  0.06213471
4.239907  0.06205806
4.241017  0.06202051
4.243652  0.06193128
4.243736  0.06192845
4.245697  0.06186206
4.246643  0.06183004
4.25036  0.06170805
4.250535  0.06170398
4.253451  0.06163631
4.253866  0.06162668
4.253932  0.06162514
4.254367  0.06161503
4.261797  0.06144257
4.262288  0.06143117
4.263176  0.06141055
4.264582  0.06137791
4.264614  0.06137717
4.267993  0.06129873
4.268993  0.06127552
4.270771  0.06123425
4.274258  0.0611533
4.274912  0.06113812
4.279153  0.06103967
4.280123  0.06101714
4.280134  0.0610169
4.281233  0.06099139
4.281937  0.06097504
4.284112  0.06092456
4.285636  0.06088917
4.285897  0.06088311
4.287034  0.06085673
4.288032  0.06083356
4.288557  0.06082137
4.290091  0.06078576
4.291173  0.06076065
4.2945  0.06068342
4.297189  0.060621
4.298873  0.0605819
4.301469  0.06052164
4.303832  0.06046677
4.305575  0.06042631
4.308695  0.06035389
4.309934  0.06032514
4.310035  0.06032279
4.316919  0.06016299
4.316932  0.06016268
4.317365  0.06015264
4.318332  0.0601302
4.324568  0.05998544
4.32498  0.05997587
4.325739  0.05995825
4.326088  0.05995015
4.32718  0.0599248
4.332037  0.05981205
4.338906  0.05965261
4.339854  0.05963058
4.340363  0.05961878
4.342974  0.05955817
4.344736  0.05951726
4.346308  0.05948076
4.350383  0.05938617
4.353133  0.05932233
4.354556  0.05928932
4.355908  0.05925791
4.35851  0.05919751
4.36011  0.05916038
4.363064  0.05909181
4.363639  0.05907846
4.364726  0.05905323
4.365134  0.05904376
4.365854  0.05902705
4.366005  0.05902353
4.369535  0.0589416
4.370238  0.05892527
4.374242  0.05883233
4.376579  0.05877808
4.379089  0.05871982
4.379937  0.05870013
4.383933  0.05860737
4.384858  0.0585859
4.385807  0.05856387
4.386807  0.05854066
4.393365  0.05838843
4.393626  0.05838235
4.394691  0.05835763
4.39628  0.05832075
4.400465  0.05822361
4.401235  0.05820573
4.403155  0.05816115
4.406663  0.05807972
4.407799  0.05805335
4.412711  0.05793933
4.418184  0.05781227
4.420105  0.0577677
4.421956  0.05772473
4.422861  0.05770371
4.423739  0.05768334
4.424593  0.05766352
4.429418  0.05755151
4.430587  0.05752438
4.431701  0.0574985
4.432263  0.05748547
4.433431  0.05745835
4.434764  0.0574274
4.436628  0.05738413
4.437265  0.05736935
4.437538  0.05736301
4.438338  0.05734443
4.438919  0.05733095
4.439105  0.05732663
4.439664  0.05731366
4.443516  0.05722423
4.444289  0.05720629
4.445095  0.05718758
4.445318  0.05718241
4.445539  0.05717728
4.44659  0.05715289
4.447689  0.05712737
4.45012  0.05707094
4.450886  0.05705315
4.453755  0.05698657
4.45595  0.05693561
4.457222  0.05690607
4.458332  0.0568803
4.459106  0.05686234
4.459148  0.05686136
4.460283  0.05683503
4.460511  0.05682972
4.460791  0.05682322
4.461385  0.05680945
4.464814  0.05672985
4.465449  0.05671511
4.465694  0.05670941
4.46749  0.05666772
4.467635  0.05666435
4.468111  0.0566533
4.469109  0.05663014
4.469535  0.05662024
4.470986  0.05658656
4.471722  0.05656948
4.474912  0.05649544
4.475836  0.05647397
4.477148  0.05644354
4.477992  0.05642394
4.47846  0.05641308
4.479128  0.05639757
4.479489  0.05638919
4.480924  0.05635587
4.481413  0.05634451
4.482952  0.05630879
4.488197  0.05618705
4.489  0.0561684
4.493953  0.05605343
4.495265  0.05602297
4.49553  0.05601681
4.495946  0.05600715
4.496639  0.05599108
4.499394  0.05592711
4.50543  0.0556404
4.506201  0.05560168
4.506951  0.05556398
4.507873  0.05551772
4.512044  0.05530825
4.512891  0.05526571
4.517516  0.05503348
4.517913  0.05501353
4.518677  0.05497518
4.519421  0.05493783
4.523904  0.05471267
4.523984  0.05470865
4.524745  0.05467044
4.525854  0.05461475
4.531554  0.05432855
4.533719  0.0542198
4.534491  0.05418102
4.537431  0.05403339
4.538975  0.05395586
4.539144  0.05394737
4.539841  0.0539124
4.53985  0.05391192
4.541884  0.05380977
4.542875  0.05376001
4.543224  0.05374251
4.543668  0.05372019
4.544208  0.0536931
4.550969  0.05335359
4.551093  0.05334735
4.551974  0.05330311
4.55223  0.05329025
4.553483  0.05322735
4.556738  0.05306389
4.557721  0.0530145
4.558154  0.05299277
4.558777  0.0529615
4.55903  0.05294879
4.559757  0.05291229
4.560216  0.05288924
4.567298  0.05253362
4.569788  0.05240858
4.570378  0.05237895
4.571623  0.05231639
4.572271  0.05228387
4.572649  0.0522649
4.573057  0.05224438
4.576179  0.05208763
4.577254  0.05203364
4.578814  0.05195529
4.57905  0.05194348
4.579556  0.05191803
4.579889  0.05190133
4.580002  0.05189563
4.583079  0.05174116
4.583856  0.05170214
4.584253  0.05168216
4.586083  0.05159028
4.588329  0.05147748
4.589624  0.05141249
4.590229  0.05138207
4.591011  0.05134283
4.591734  0.0513065
4.592514  0.05126732
4.595151  0.05113492
4.595775  0.05110357
4.596434  0.05107048
4.596872  0.0510485
4.596909  0.05104664
4.597684  0.05100775
4.597791  0.05100233
4.598974  0.05094297
4.601163  0.05083304
4.601925  0.05079475
4.606847  0.05054758
4.606872  0.05054636
4.607591  0.05051021
4.608658  0.05045668
4.610041  0.05038722
4.612246  0.0502765
4.614444  0.05016608
4.615065  0.05013492
4.616055  0.05008518
4.616157  0.05008007
4.617107  0.0500324
4.617196  0.05002793
4.622075  0.04978292
4.624205  0.04967594
4.624403  0.04966602
4.624825  0.04964479
4.62709  0.04953106
4.62733  0.04951903
4.632763  0.04924619
4.633088  0.04922987
4.63449  0.04915945
4.634626  0.04915265
4.634956  0.04913605
4.642437  0.04876038
4.643193  0.04872243
4.644076  0.04867807
4.646246  0.04856913
4.64675  0.04854383
4.646799  0.04854137
4.647349  0.04851371
4.647694  0.04849642
4.648448  0.04845855
4.648571  0.04845234
4.650058  0.04837768
4.65017  0.04837206
4.650468  0.04835709
4.650721  0.04834438
4.652207  0.04826978
4.654039  0.04817781
4.655241  0.04811743
4.656567  0.04805081
4.657655  0.04799619
4.658854  0.04793599
4.66048  0.04785436
4.661745  0.04779084
4.661813  0.04778739
4.661978  0.04777911
4.66572  0.04759122
4.666295  0.04756232
4.666617  0.04754616
4.672102  0.04727075
4.673858  0.04718254
4.67462  0.04714431
4.674681  0.04714119
4.675069  0.04712174
4.679462  0.04690115
4.680169  0.04686562
4.681067  0.04682056
4.681937  0.04677687
4.682447  0.04675124
4.683358  0.04670551
4.683502  0.04669829
4.684577  0.0466443
4.685999  0.04657287
4.686533  0.04654603
4.688507  0.04644692
4.690779  0.04633284
4.692496  0.04624661
4.69308  0.04621731
4.694283  0.04615689
4.694515  0.04614521
4.69574  0.04608369
4.695903  0.04607553
4.697441  0.04599829
4.699352  0.04590234
4.70269  0.04573473
4.703358  0.04570117
4.703458  0.04569612
4.703681  0.04568496
4.705405  0.04559839
4.707032  0.04551666
4.708164  0.04545984
4.708196  0.04545822
4.708419  0.04544702
4.708466  0.04544465
4.709492  0.04539312
4.710935  0.04532067
4.712857  0.04522415
4.713842  0.04517469
4.715667  0.04508304
4.719227  0.04490426
4.71971  0.04488002
4.72063  0.04483385
4.722433  0.04474326
4.722526  0.04473863
4.722987  0.04471549
4.72316  0.04470678
4.727688  0.04447939
4.7293  0.04439844
4.730054  0.04436058
4.730451  0.04434067
4.731162  0.04430493
4.731239  0.04430109
4.733509  0.0441871
4.735176  0.0441034
4.742051  0.04375812
4.743911  0.04366472
4.744309  0.04364475
4.745207  0.04359966
4.748118  0.04345346
4.748977  0.04341037
4.75207  0.04326949
4.752283  0.04326026
4.752441  0.04325345
4.753687  0.04319956
4.757228  0.04304649
4.757397  0.04303915
4.758522  0.04299053
4.758767  0.04297995
4.759305  0.04295667
4.76114  0.04287736
4.761581  0.04285826
4.761802  0.04284874
4.763562  0.04277262
4.764509  0.04273168
4.76659  0.04264171
4.77058  0.04246921
4.772474  0.04238732
4.775794  0.04224377
4.776224  0.04222518
4.777489  0.0421705
4.77807  0.04214538
4.779403  0.04208773
4.785055  0.04184337
4.787058  0.04175676
4.788683  0.04168653
4.789715  0.0416419
4.792125  0.04153772
4.792448  0.04152376
4.793282  0.04148767
4.794162  0.04144962
4.795794  0.04137906
4.796502  0.04134847
4.797189  0.04131876
4.799193  0.04123213
4.801131  0.04114832
4.803948  0.04102654
4.804644  0.04099646
4.804912  0.04098485
4.804983  0.04098181
4.805223  0.04097143
4.806663  0.04090914
4.80809  0.04084744
4.811079  0.04071822
4.811267  0.0407101
4.81189  0.04068318
4.814596  0.04056619
4.814798  0.04055746
4.815264  0.04053728
4.815373  0.0405326
4.81612  0.04050027
4.817172  0.0404548
4.817476  0.04044167
4.81771  0.04043156
4.82194  0.04024864
4.824935  0.04011915
4.826903  0.04003407
4.828281  0.03997452
4.830826  0.03986446
4.830884  0.03986195
4.831638  0.03982936
4.832343  0.03979889
4.835904  0.03964492
4.836198  0.03963222
4.836529  0.03961791
4.837457  0.03957778
4.838044  0.0395524
4.838215  0.03954503
4.838787  0.03952026
4.838903  0.03951528
4.839969  0.03946917
4.840677  0.03943859
4.842309  0.03936802
4.844992  0.03925203
4.845946  0.03921075
4.84979  0.03904457
4.85085  0.03899874
4.852791  0.03891483
4.854535  0.03883943
4.856222  0.03876648
4.857571  0.03870816
4.858561  0.03866535
4.860927  0.03856306
4.861127  0.0385544
4.866074  0.03834052
4.866622  0.03831685
4.866714  0.03831285
4.868444  0.03823807
4.868769  0.038224
4.871901  0.03808861
4.872816  0.03804905
4.874718  0.03796682
4.876347  0.03789639
4.877344  0.03785329
4.879047  0.03777963
4.881983  0.03765271
4.882806  0.03761712
4.884159  0.03755861
4.885376  0.037506
4.885636  0.03749479
4.886454  0.03745939
4.887242  0.03742532
4.891209  0.03725381
4.891233  0.0372528
4.892487  0.03719856
4.893867  0.03713892
4.894531  0.03711018
4.894668  0.0371043
4.896474  0.03702618
4.897907  0.03696425
4.898277  0.03694824
4.900735  0.03684195
4.902363  0.03677161
4.908383  0.0365113
4.908466  0.03650771
4.908934  0.03648747
4.913608  0.03628541
4.91467  0.0362395
4.915942  0.0361845
4.919073  0.03604914
4.921995  0.0359228
4.923632  0.03585201
4.925236  0.03578269
4.932171  0.03548283
4.935183  0.03535262
4.941715  0.03507019
4.943569  0.03499003
4.945706  0.03489767
4.946865  0.03484755
4.950558  0.03468789
4.950559  0.03468783
4.950936  0.03467154
4.954262  0.03452775
4.955483  0.03447494
4.958669  0.03433722
4.961171  0.03422901
4.963238  0.03413967
4.963242  0.03413948
4.963396  0.03413284
4.96724  0.03396665
4.968406  0.03391623
4.968879  0.03389576
4.969469  0.03387025
4.970859  0.03381016
4.971059  0.03380152
4.97125  0.03379326
4.972313  0.03374733
4.975894  0.03359249
4.977182  0.03353678
4.977943  0.03350389
4.98232  0.03331468
4.983307  0.03327196
4.983697  0.0332551
4.984776  0.03320846
4.985803  0.03316407
4.98734  0.03309761
4.987456  0.0330926
4.988739  0.03303715
4.994591  0.03278412
4.996296  0.03271042
4.998974  0.03259463