3.525  0.01326  0.5813  0.1636  0.1254  0.03709  0.03709  0.03709  0.01844  0  0  0
2.157  0.3046  0.5828  0.1641  0.123  0.03719  0.03719  0.03719  0.01849  0  0  0
4.234  0.002953  0.581  0.1636  0.1258  0.03707  0.03707  0.03707  0.01844  0  0  0
4.141  0.003584  0.581  0.1636  0.1258  0.03707  0.03707  0.03707  0.01843  0  0  0
2.533  0.1215  0.5821  0.1639  0.1241  0.03714  0.03714  0.03714  0.01847  0  0  0
4.685  0.001166  0.5809  0.1635  0.126  0.03706  0.03706  0.03706  0.01843  0  0  0
2.288  0.2178  0.5826  0.164  0.1235  0.03717  0.03717  0.03717  0.01849  0  0  0
3.561  0.01224  0.5813  0.1636  0.1254  0.03709  0.03709  0.03709  0.01844  0  0  0
5.313  0.0003135  0.5807  0.1635  0.1262  0.03706  0.03706  0.03706  0.01842  0  0  0
3.859  0.006432  0.5811  0.1636  0.1256  0.03708  0.03708  0.03708  0.01844  0  0  0
3.43  0.01595  0.5813  0.1636  0.1253  0.03709  0.03709  0.03709  0.01845  0  0  0
5.45  0.0002327  0.5807  0.1635  0.1262  0.03705  0.03705  0.03705  0.01843  0  0  0
3.972  0.00508  0.5811  0.1636  0.1257  0.03708  0.03708  0.03708  0.01844  0  0  0
4.194  0.003222  0.581  0.1636  0.1258  0.03707  0.03707  0.03707  0.01844  0  0  0
4.649  0.001227  0.5809  0.1635  0.126  0.03706  0.03706  0.03706  0.01843  0  0  0
2.581  0.1074  0.5821  0.1639  0.1242  0.03714  0.03714  0.03714  0.01847  0  0  0
2.747  0.07284  0.5819  0.1638  0.1245  0.03713  0.03713  0.03713  0.01846  0  0  0
4.037  0.004386  0.581  0.1636  0.1257  0.03707  0.03707  0.03707  0.01844  0  0  0
2.182  0.2903  0.5828  0.1641  0.1231  0.03718  0.03718  0.03718  0.01849  0  0  0
2.122  0.3345  0.5829  0.1641  0.1229  0.03719  0.03719  0.03719  0.0185  0  0  0
2.206  0.2677  0.5827  0.164  0.1232  0.03718  0.03718  0.03718  0.01848  0  0  0
2.637  0.09329  0.582  0.1638  0.1243  0.03714  0.03714  0.03714  0.01846  0  0  0
5.248  0.0003519  0.5808  0.1635  0.1262  0.03706  0.03706  0.03706  0.01843  0  0  0
3.151  0.02948  0.5815  0.1637  0.125  0.0371  0.0371  0.0371  0.01845  0  0  0
4.109  0.003809  0.581  0.1636  0.1258  0.03707  0.03707  0.03707  0.01844  0  0  0
4.665  0.001208  0.5809  0.1635  0.126  0.03706  0.03706  0.03706  0.01843  0  0  0
5.729  0.0001296  0.5807  0.1635  0.1263  0.03705  0.03705  0.03705  0.01843  0  0  0
2.685  0.08563  0.5819  0.1638  0.1244  0.03713  0.03713  0.03713  0.01846  0  0  0
4.383  0.00217  0.5809  0.1635  0.1259  0.03707  0.03707  0.03707  0.01843  0  0  0
4.656  0.001208  0.5809  0.1635  0.126  0.03706  0.03706  0.03706  0.01843  0  0  0
3.467  0.01477  0.5813  0.1636  0.1253  0.03709  0.03709  0.03709  0.01845  0  0  0
2.714  0.07956  0.5819  0.1638  0.1244  0.03713  0.03713  0.03713  0.01846  0  0  0
2.055  0.3932  0.5831  0.1641  0.1227  0.0372  0.0372  0.0372  0.0185  0  0  0
3.394  0.01739  0.5813  0.1637  0.1253  0.03709  0.03709  0.03709  0.01844  0  0  0
5.911  0.00008833  0.5807  0.1635  0.1263  0.03705  0.03705  0.03705  0.01842  0  0  0
3.979  0.004996  0.5811  0.1636  0.1257  0.03708  0.03708  0.03708  0.01843  0  0  0
5.298  0.0003163  0.5808  0.1635  0.1262  0.03706  0.03706  0.03706  0.01842  0  0  0
2.154  0.3138  0.5828  0.1641  0.123  0.03719  0.03719  0.03719  0.01849  0  0  0
4.408  0.00202  0.5809  0.1635  0.1259  0.03707  0.03707  0.03707  0.01844  0  0  0
2.417  0.1593  0.5823  0.1639  0.1238  0.03716  0.03716  0.03716  0.01847  0  0  0
4.302  0.002548  0.581  0.1635  0.1259  0.03707  0.03707  0.03707  0.01844  0  0  0
5.279  0.0003299  0.5808  0.1635  0.1262  0.03706  0.03706  0.03706  0.01843  0  0  0
4.393  0.002115  0.5809  0.1635  0.1259  0.03707  0.03707  0.03707  0.01843  0  0  0
2.946  0.04585  0.5817  0.1637  0.1248  0.03711  0.03711  0.03711  0.01846  0  0  0
3.062  0.03611  0.5816  0.1637  0.1249  0.03711  0.03711  0.03711  0.01845  0  0  0
4.062  0.004237  0.581  0.1636  0.1257  0.03707  0.03707  0.03707  0.01843  0  0  0
2.034  0.4279  0.5831  0.1642  0.1226  0.03721  0.03721  0.03721  0.0185  0  0  0
4.737  0.00102  0.5809  0.1635  0.126  0.03706  0.03706  0.03706  0.01843  0  0  0
3.406  0.01668  0.5813  0.1637  0.1253  0.03709  0.03709  0.03709  0.01845  0  0  0
4.906  0.0007188  0.5808  0.1635  0.1261  0.03706  0.03706  0.03706  0.01843  0  0  0
4.227  0.002953  0.581  0.1636  0.1258  0.03707  0.03707  0.03707  0.01843  0  0  0
2.584  0.1074  0.5821  0.1639  0.1242  0.03714  0.03714  0.03714  0.01847  0  0  0
3.429  0.01595  0.5813  0.1636  0.1253  0.03709  0.03709  0.03709  0.01845  0  0  0
3.13  0.03063  0.5815  0.1637  0.125  0.0371  0.0371  0.0371  0.01845  0  0  0
4.445  0.001917  0.5809  0.1635  0.1259  0.03707  0.03707  0.03707  0.01843  0  0  0
2.233  0.2543  0.5827  0.164  0.1233  0.03718  0.03718  0.03718  0.0185  0  0  0
5.797  0.0001121  0.5807  0.1635  0.1263  0.03705  0.03705  0.03705  0.01843  0  0  0
2.6  0.1027  0.5821  0.1639  0.1242  0.03714  0.03714  0.03714  0.01848  0  0  0
4.873  0.0007863  0.5808  0.1635  0.1261  0.03706  0.03706  0.03706  0.01843  0  0  0
2.768  0.0696  0.5819  0.1638  0.1245  0.03713  0.03713  0.03713  0.01846  0  0  0
3.393  0.01739  0.5813  0.1637  0.1253  0.03709  0.03709  0.03709  0.01844  0  0  0
3.655  0.00998  0.5812  0.1636  0.1255  0.03708  0.03708  0.03708  0.01844  0  0  0
3.445  0.01569  0.5813  0.1636  0.1253  0.03709  0.03709  0.03709  0.01845  0  0  0
4.275  0.002646  0.581  0.1635  0.1258  0.03707  0.03707  0.03707  0.01843  0  0  0
4.026  0.004544  0.5811  0.1636  0.1257  0.03707  0.03707  0.03707  0.01844  0  0  0
3.315  0.02073  0.5814  0.1637  0.1252  0.0371  0.0371  0.0371  0.01844  0  0  0
2.037  0.4148  0.5831  0.1642  0.1226  0.03721  0.03721  0.03721  0.01851  0  0  0
2.826  0.06077  0.5818  0.1638  0.1246  0.03712  0.03712  0.03712  0.01846  0  0  0
5.012  0.0005823  0.5808  0.1635  0.1261  0.03706  0.03706  0.03706  0.01843  0  0  0
4.162  0.003425  0.581  0.1636  0.1258  0.03707  0.03707  0.03707  0.01844  0  0  0
3.949  0.005323  0.5811  0.1636  0.1257  0.03708  0.03708  0.03708  0.01844  0  0  0
2.017  0.4368  0.5832  0.1642  0.1225  0.03721  0.03721  0.03721  0.01851  0  0  0
2.934  0.04818  0.5817  0.1637  0.1248  0.03711  0.03711  0.03711  0.01847  0  0  0
5.705  0.0001381  0.5807  0.1635  0.1263  0.03705  0.03705  0.03705  0.01842  0  0  0
3.834  0.006858  0.5811  0.1636  0.1256  0.03708  0.03708  0.03708  0.01844  0  0  0
4.359  0.002268  0.5809  0.1635  0.1259  0.03707  0.03707  0.03707  0.01843  0  0  0
5.782  0.0001162  0.5807  0.1635  0.1263  0.03705  0.03705  0.03705  0.01843  0  0  0
3.401  0.01711  0.5813  0.1637  0.1253  0.03709  0.03709  0.03709  0.01845  0  0  0
5.307  0.0003135  0.5807  0.1635  0.1262  0.03706  0.03706  0.03706  0.01842  0  0  0
5.181  0.0004088  0.5808  0.1635  0.1261  0.03706  0.03706  0.03706  0.01843  0  0  0
3.292  0.0217  0.5814  0.1637  0.1252  0.0371  0.0371  0.0371  0.01845  0  0  0
2.945  0.04709  0.5817  0.1637  0.1248  0.03711  0.03711  0.03711  0.01845  0  0  0
2.967  0.04428  0.5817  0.1637  0.1248  0.03711  0.03711  0.03711  0.01845  0  0  0
5.107  0.0004733  0.5808  0.1635  0.1261  0.03706  0.03706  0.03706  0.01843  0  0  0
3.845  0.006522  0.5811  0.1636  0.1256  0.03708  0.03708  0.03708  0.01843  0  0  0
5.797  0.0001121  0.5807  0.1635  0.1263  0.03705  0.03705  0.03705  0.01842  0  0  0
3.751  0.008098  0.5812  0.1636  0.1256  0.03708  0.03708  0.03708  0.01844  0  0  0
5.679  0.0001447  0.5807  0.1635  0.1263  0.03705  0.03705  0.03705  0.01843  0  0  0
4.819  0.0008679  0.5808  0.1635  0.126  0.03706  0.03706  0.03706  0.01842  0  0  0
3.115  0.03169  0.5815  0.1637  0.125  0.03711  0.03711  0.03711  0.01844  0  0  0
4.603  0.001366  0.5809  0.1635  0.126  0.03706  0.03706  0.03706  0.01843  0  0  0
4.46  0.001826  0.5809  0.1635  0.1259  0.03707  0.03707  0.03707  0.01843  0  0  0
4.403  0.002082  0.5809  0.1635  0.1259  0.03707  0.03707  0.03707  0.01843  0  0  0
2.149  0.3138  0.5829  0.1641  0.123  0.03719  0.03719  0.03719  0.01849  0  0  0
4.39  0.002115  0.5809  0.1635  0.1259  0.03707  0.03707  0.03707  0.01844  0  0  0
4.609  0.001344  0.5809  0.1635  0.126  0.03706  0.03706  0.03706  0.01843  0  0  0
4.654  0.001227  0.5809  0.1635  0.126  0.03706  0.03706  0.03706  0.01843  0  0  0
2.504  0.1301  0.5822  0.1639  0.124  0.03715  0.03715  0.03715  0.01848  0  0  0
4.554  0.001522  0.5809  0.1635  0.126  0.03706  0.03706  0.03706  0.01843  0  0  0
3.387  0.01739  0.5814  0.1637  0.1253  0.03709  0.03709  0.03709  0.01844  0  0  0
5.207  0.0003834  0.5808  0.1635  0.1262  0.03706  0.03706  0.03706  0.01843  0  0  0
2.633  0.09641  0.582  0.1638  0.1243  0.03714  0.03714  0.03714  0.01846  0  0  0
4.848  0.0008195  0.5808  0.1635  0.1261  0.03706  0.03706  0.03706  0.01843  0  0  0
5.256  0.0003474  0.5808  0.1635  0.1262  0.03706  0.03706  0.03706  0.01842  0  0  0
4.807  0.0008839  0.5808  0.1635  0.126  0.03706  0.03706  0.03706  0.01843  0  0  0
4.168  0.003335  0.581  0.1636  0.1258  0.03707  0.03707  0.03707  0.01844  0  0  0
5.098  0.0004801  0.5808  0.1635  0.1261  0.03706  0.03706  0.03706  0.01842  0  0  0
3.044  0.03741  0.5816  0.1637  0.1249  0.03711  0.03711  0.03711  0.01845  0  0  0
3.289  0.0217  0.5814  0.1637  0.1252  0.0371  0.0371  0.0371  0.01845  0  0  0
4.799  0.0009005  0.5808  0.1635  0.126  0.03706  0.03706  0.03706  0.01843  0  0  0
3.066  0.03537  0.5816  0.1637  0.1249  0.03711  0.03711  0.03711  0.01845  0  0  0
3.913  0.005792  0.5811  0.1636  0.1257  0.03708  0.03708  0.03708  0.01844  0  0  0
5.506  0.0002059  0.5807  0.1635  0.1262  0.03705  0.03705  0.03705  0.01843  0  0  0
5.926  0.00008553  0.5807  0.1635  0.1263  0.03705  0.03705  0.03705  0.01842  0  0  0
5.095  0.0004947  0.5808  0.1635  0.1261  0.03706  0.03706  0.03706  0.01843  0  0  0
4.06  0.004237  0.581  0.1636  0.1257  0.03707  0.03707  0.03707  0.01844  0  0  0
4.347  0.002294  0.5809  0.1635  0.1259  0.03707  0.03707  0.03707  0.01843  0  0  0
4.282  0.002646  0.581  0.1635  0.1258  0.03707  0.03707  0.03707  0.01843  0  0  0
2.518  0.1244  0.5822  0.1639  0.124  0.03715  0.03715  0.03715  0.01847  0  0  0
3.733  0.008446  0.5812  0.1636  0.1255  0.03708  0.03708  0.03708  0.01844  0  0  0
3.26  0.02309  0.5814  0.1637  0.1251  0.0371  0.0371  0.0371  0.01845  0  0  0
3.037  0.03741  0.5816  0.1637  0.1249  0.03711  0.03711  0.03711  0.01845  0  0  0
5.485  0.0002185  0.5807  0.1635  0.1262  0.03705  0.03705  0.03705  0.01843  0  0  0
2.993  0.04226  0.5816  0.1637  0.1248  0.03711  0.03711  0.03711  0.01845  0  0  0
3.16  0.02882  0.5815  0.1637  0.125  0.0371  0.0371  0.0371  0.01845  0  0  0
5.051  0.0005378  0.5808  0.1635  0.1261  0.03706  0.03706  0.03706  0.01843  0  0  0
3.289  0.0217  0.5814  0.1637  0.1252  0.0371  0.0371  0.0371  0.01845  0  0  0
3.631  0.01045  0.5812  0.1636  0.1255  0.03709  0.03709  0.03709  0.01844  0  0  0
4.492  0.001715  0.5809  0.1635  0.1259  0.03707  0.03707  0.03707  0.01843  0  0  0
4.014  0.004643  0.5811  0.1636  0.1257  0.03707  0.03707  0.03707  0.01844  0  0  0
2.391  0.1705  0.5824  0.1639  0.1237  0.03716  0.03716  0.03716  0.01847  0  0  0
5.967  0.00007882  0.5807  0.1635  0.1263  0.03705  0.03705  0.03705  0.01843  0  0  0
2.694  0.08324  0.5819  0.1638  0.1244  0.03713  0.03713  0.03713  0.01846  0  0  0
5.9  0.00009091  0.5807  0.1635  0.1263  0.03705  0.03705  0.03705  0.01842  0  0  0
3.763  0.007925  0.5812  0.1636  0.1256  0.03708  0.03708  0.03708  0.01845  0  0  0
5.187  0.0004021  0.5808  0.1635  0.1261  0.03706  0.03706  0.03706  0.01843  0  0  0
5.194  0.0004021  0.5808  0.1635  0.1261  0.03706  0.03706  0.03706  0.01843  0  0  0
3.527  0.01294  0.5813  0.1636  0.1254  0.03709  0.03709  0.03709  0.01844  0  0  0
5.69  0.0001422  0.5807  0.1635  0.1263  0.03705  0.03705  0.03705  0.01843  0  0  0
3.046  0.03686  0.5816  0.1637  0.1249  0.03711  0.03711  0.03711  0.01845  0  0  0
2.615  0.09842  0.582  0.1638  0.1242  0.03714  0.03714  0.03714  0.01846  0  0  0
4.66  0.001208  0.5809  0.1635  0.126  0.03706  0.03706  0.03706  0.01843  0  0  0
5.501  0.0002096  0.5807  0.1635  0.1262  0.03705  0.03705  0.03705  0.01843  0  0  0
4.25  0.002806  0.581  0.1635  0.1258  0.03707  0.03707  0.03707  0.01844  0  0  0
4.009  0.004643  0.5811  0.1636  0.1257  0.03708  0.03708  0.03708  0.01843  0  0  0
2.228  0.2543  0.5827  0.164  0.1233  0.03718  0.03718  0.03718  0.01848  0  0  0
3.449  0.01548  0.5813  0.1636  0.1253  0.03709  0.03709  0.03709  0.01844  0  0  0
2.741  0.07439  0.5819  0.1638  0.1245  0.03713  0.03713  0.03713  0.01847  0  0  0
2.991  0.04226  0.5816  0.1637  0.1248  0.03711  0.03711  0.03711  0.01845  0  0  0
5.724  0.0001323  0.5807  0.1635  0.1263  0.03705  0.03705  0.03705  0.01842  0  0  0
5.235  0.0003685  0.5808  0.1635  0.1262  0.03706  0.03706  0.03706  0.01843  0  0  0
2.59  0.1056  0.5821  0.1639  0.1242  0.03714  0.03714  0.03714  0.01847  0  0  0
5.998  0.00007354  0.5807  0.1635  0.1263  0.03705  0.03705  0.03705  0.01843  0  0  0
3.736  0.008271  0.5812  0.1636  0.1255  0.03708  0.03708  0.03708  0.01844  0  0  0
3.072  0.03537  0.5816  0.1637  0.1249  0.03711  0.03711  0.03711  0.01845  0  0  0
2.174  0.297  0.5828  0.1641  0.1231  0.03719  0.03719  0.03719  0.0185  0  0  0
3.345  0.01915  0.5814  0.1637  0.1252  0.0371  0.0371  0.0371  0.01844  0  0  0
2.697  0.08134  0.5819  0.1638  0.1244  0.03713  0.03713  0.03713  0.01847  0  0  0
4.422  0.001987  0.5809  0.1635  0.1259  0.03707  0.03707  0.03707  0.01843  0  0  0
3.324  0.02025  0.5814  0.1637  0.1252  0.0371  0.0371  0.0371  0.01845  0  0  0
2.011  0.4493  0.5832  0.1642  0.1225  0.03721  0.03721  0.03721  0.0185  0  0  0
3.22  0.02528  0.5815  0.1637  0.1251  0.0371  0.0371  0.0371  0.01844  0  0  0
3.093  0.03362  0.5816  0.1637  0.125  0.03711  0.03711  0.03711  0.01844  0  0  0
4.734  0.001043  0.5809  0.1635  0.126  0.03706  0.03706  0.03706  0.01843  0  0  0
3.331  0.01996  0.5814  0.1637  0.1252  0.0371  0.0371  0.0371  0.01845  0  0  0
4.024  0.004575  0.5811  0.1636  0.1257  0.03707  0.03707  0.03707  0.01844  0  0  0
5.243  0.0003594  0.5808  0.1635  0.1262  0.03706  0.03706  0.03706  0.01843  0  0  0
3.796  0.007324  0.5811  0.1636  0.1256  0.03708  0.03708  0.03708  0.01844  0  0  0
3.67  0.009562  0.5812  0.1636  0.1255  0.03708  0.03708  0.03708  0.01844  0  0  0
2.325  0.1981  0.5825  0.164  0.1236  0.03717  0.03717  0.03717  0.01848  0  0  0
4.451  0.00187  0.5809  0.1635  0.1259  0.03707  0.03707  0.03707  0.01843  0  0  0
5.682  0.0001447  0.5807  0.1635  0.1263  0.03705  0.03705  0.03705  0.01842  0  0  0
2.528  0.1215  0.5822  0.1639  0.1241  0.03714  0.03714  0.03714  0.01848  0  0  0
5.358  0.0002817  0.5807  0.1635  0.1262  0.03705  0.03705  0.03705  0.01843  0  0  0
4.97  0.0006288  0.5808  0.1635  0.1261  0.03706  0.03706  0.03706  0.01843  0  0  0
2.843  0.05915  0.5818  0.1638  0.1246  0.03712  0.03712  0.03712  0.01846  0  0  0
4.24  0.002879  0.581  0.1636  0.1258  0.03707  0.03707  0.03707  0.01843  0  0  0
4.624  0.001308  0.5809  0.1635  0.126  0.03706  0.03706  0.03706  0.01843  0  0  0
5.481  0.0002185  0.5807  0.1635  0.1262  0.03705  0.03705  0.03705  0.01843  0  0  0
4.018  0.004575  0.5811  0.1636  0.1257  0.03708  0.03708  0.03708  0.01843  0  0  0
3.134  0.03063  0.5815  0.1637  0.125  0.0371  0.0371  0.0371  0.01845  0  0  0
3.846  0.006522  0.5811  0.1636  0.1256  0.03708  0.03708  0.03708  0.01844  0  0  0
4.747  0.0009981  0.5808  0.1635  0.126  0.03706  0.03706  0.03706  0.01843  0  0  0
2.69  0.08324  0.5819  0.1638  0.1244  0.03713  0.03713  0.03713  0.01847  0  0  0
2.168  0.297  0.5828  0.1641  0.1231  0.03719  0.03719  0.03719  0.01849  0  0  0
5.172  0.0004176  0.5808  0.1635  0.1261  0.03706  0.03706  0.03706  0.01843  0  0  0
4.237  0.002879  0.581  0.1636  0.1258  0.03707  0.03707  0.03707  0.01843  0  0  0
4.658  0.001208  0.5809  0.1635  0.126  0.03706  0.03706  0.03706  0.01843  0  0  0
2.114  0.3466  0.5829  0.1641  0.1229  0.0372  0.0372  0.0372  0.0185  0  0  0
5.759  0.0001206  0.5807  0.1635  0.1263  0.03705  0.03705  0.03705  0.01842  0  0  0
4.308  0.002488  0.581  0.1635  0.1259  0.03707  0.03707  0.03707  0.01843  0  0  0
2.534  0.1215  0.5821  0.1639  0.1241  0.03714  0.03714  0.03714  0.01848  0  0  0
2.757  0.07052  0.5819  0.1638  0.1245  0.03713  0.03713  0.03713  0.01846  0  0  0
4.262  0.00277  0.581  0.1635  0.1258  0.03707  0.03707  0.03707  0.01843  0  0  0
5.537  0.0001934  0.5807  0.1635  0.1262  0.03705  0.03705  0.03705  0.01842  0  0  0
5.289  0.0003246  0.5808  0.1635  0.1262  0.03706  0.03706  0.03706  0.01842  0  0  0
2.461  0.144  0.5823  0.1639  0.1239  0.03715  0.03715  0.03715  0.01847  0  0  0
3.566  0.01184  0.5812  0.1636  0.1254  0.03709  0.03709  0.03709  0.01845  0  0  0
5.466  0.0002229  0.5807  0.1635  0.1262  0.03705  0.03705  0.03705  0.01843  0  0  0
2.947  0.04585  0.5817  0.1637  0.1248  0.03711  0.03711  0.03711  0.01845  0  0  0
3.497  0.01383  0.5813  0.1636  0.1254  0.03709  0.03709  0.03709  0.01845  0  0  0
2.582  0.1074  0.5821  0.1639  0.1242  0.03714  0.03714  0.03714  0.01846  0  0  0
5.314  0.0003135  0.5807  0.1635  0.1262  0.03706  0.03706  0.03706  0.01843  0  0  0
2.897  0.05137  0.5817  0.1638  0.1247  0.03712  0.03712  0.03712  0.01845  0  0  0
2.352  0.1885  0.5824  0.164  0.1236  0.03716  0.03716  0.03716  0.01849  0  0  0
3.285  0.0217  0.5814  0.1637  0.1252  0.0371  0.0371  0.0371  0.01845  0  0  0
2.368  0.1782  0.5824  0.164  0.1237  0.03716  0.03716  0.03716  0.01848  0  0  0
5.369  0.0002719  0.5807  0.1635  0.1262  0.03705  0.03705  0.03705  0.01843  0  0  0
5.519  0.0002016  0.5807  0.1635  0.1262  0.03705  0.03705  0.03705  0.01843  0  0  0
3.065  0.03611  0.5816  0.1637  0.1249  0.03711  0.03711  0.03711  0.01845  0  0  0
3.691  0.009219  0.5812  0.1636  0.1255  0.03708  0.03708  0.03708  0.01844  0  0  0
2.474  0.1407  0.5822  0.1639  0.1239  0.03715  0.03715  0.03715  0.01847  0  0  0
5.031  0.0005614  0.5808  0.1635  0.1261  0.03706  0.03706  0.03706  0.01843  0  0  0
2.727  0.07604  0.5819  0.1638  0.1244  0.03713  0.03713  0.03713  0.01846  0  0  0
2.669  0.08732  0.582  0.1638  0.1243  0.03713  0.03713  0.03713  0.01847  0  0  0
3.589  0.01134  0.5812  0.1636  0.1254  0.03709  0.03709  0.03709  0.01844  0  0  0
3.388  0.01739  0.5813  0.1637  0.1253  0.03709  0.03709  0.03709  0.01845  0  0  0
3.307  0.02073  0.5814  0.1637  0.1252  0.0371  0.0371  0.0371  0.01845  0  0  0
3.553  0.01238  0.5813  0.1636  0.1254  0.03709  0.03709  0.03709  0.01844  0  0  0
4.909  0.0007188  0.5808  0.1635  0.1261  0.03706  0.03706  0.03706  0.01843  0  0  0
3.475  0.01477  0.5813  0.1636  0.1253  0.03709  0.03709  0.03709  0.01844  0  0  0
3.775  0.007781  0.5811  0.1636  0.1256  0.03708  0.03708  0.03708  0.01844  0  0  0
5.996  0.00007354  0.5807  0.1635  0.1263  0.03705  0.03705  0.03705  0.01842  0  0  0
3.823  0.007003  0.5811  0.1636  0.1256  0.03708  0.03708  0.03708  0.01844  0  0  0
2.662  0.0894  0.582  0.1638  0.1243  0.03713  0.03713  0.03713  0.01846  0  0  0
4.001  0.004777  0.5811  0.1636  0.1257  0.03708  0.03708  0.03708  0.01844  0  0  0
2.995  0.04226  0.5816  0.1637  0.1248  0.03711  0.03711  0.03711  0.01845  0  0  0
3.386  0.01739  0.5813  0.1637  0.1253  0.03709  0.03709  0.03709  0.01845  0  0  0
2.536  0.1189  0.5821  0.1639  0.1241  0.03714  0.03714  0.03714  0.01847  0  0  0
4.564  0.00149  0.5809  0.1635  0.126  0.03706  0.03706  0.03706  0.01843  0  0  0
2.461  0.144  0.5823  0.1639  0.1239  0.03715  0.03715  0.03715  0.01847  0  0  0
4.784  0.0009459  0.5808  0.1635  0.126  0.03706  0.03706  0.03706  0.01843  0  0  0
5.859  0.00009914  0.5807  0.1635  0.1263  0.03705  0.03705  0.03705  0.01843  0  0  0
2.817  0.06183  0.5818  0.1638  0.1246  0.03712  0.03712  0.03712  0.01846  0  0  0
4.859  0.0007983  0.5808  0.1635  0.1261  0.03706  0.03706  0.03706  0.01843  0  0  0
4.233  0.002953  0.581  0.1636  0.1258  0.03707  0.03707  0.03707  0.01843  0  0  0
3.294  0.0217  0.5814  0.1637  0.1252  0.0371  0.0371  0.0371  0.01845  0  0  0
2.502  0.1301  0.5822  0.1639  0.124  0.03715  0.03715  0.03715  0.01847  0  0  0
3.804  0.007324  0.5811  0.1636  0.1256  0.03708  0.03708  0.03708  0.01844  0  0  0
5.98  0.00007701  0.5807  0.1635  0.1263  0.03705  0.03705  0.03705  0.01842  0  0  0
4.851  0.0008195  0.5808  0.1635  0.1261  0.03706  0.03706  0.03706  0.01843  0  0  0
5.633  0.0001605  0.5807  0.1635  0.1262  0.03705  0.03705  0.03705  0.01843  0  0  0
2.879  0.05376  0.5817  0.1638  0.1247  0.03712  0.03712  0.03712  0.01847  0  0  0
4.05  0.004284  0.581  0.1636  0.1257  0.03707  0.03707  0.03707  0.01844  0  0  0
4.076  0.004041  0.581  0.1636  0.1257  0.03707  0.03707  0.03707  0.01844  0  0  0
5.574  0.0001805  0.5807  0.1635  0.1262  0.03705  0.03705  0.03705  0.01843  0  0  0
4.058  0.004237  0.581  0.1636  0.1257  0.03707  0.03707  0.03707  0.01844  0  0  0
5.669  0.0001476  0.5807  0.1635  0.1263  0.03705  0.03705  0.03705  0.01842  0  0  0
4.893  0.0007487  0.5808  0.1635  0.1261  0.03706  0.03706  0.03706  0.01843  0  0  0
2.076  0.3748  0.583  0.1641  0.1227  0.0372  0.0372  0.0372  0.0185  0  0  0
2.065  0.3932  0.5831  0.1641  0.1227  0.0372  0.0372  0.0372  0.0185  0  0  0
4.465  0.001826  0.5809  0.1635  0.1259  0.03707  0.03707  0.03707  0.01844  0  0  0
5.682  0.0001447  0.5807  0.1635  0.1263  0.03705  0.03705  0.03705  0.01842  0  0  0
4.655  0.001227  0.5809  0.1635  0.126  0.03706  0.03706  0.03706  0.01843  0  0  0
4.031  0.004544  0.5811  0.1636  0.1257  0.03707  0.03707  0.03707  0.01843  0  0  0
3.353  0.01915  0.5814  0.1637  0.1252  0.03709  0.03709  0.03709  0.01845  0  0  0
4.661  0.001208  0.5809  0.1635  0.126  0.03706  0.03706  0.03706  0.01843  0  0  0
2.604  0.1027  0.5821  0.1639  0.1242  0.03714  0.03714  0.03714  0.01846  0  0  0
4.477  0.00175  0.5809  0.1635  0.1259  0.03707  0.03707  0.03707  0.01843  0  0  0
3.364  0.01862  0.5814  0.1637  0.1252  0.03709  0.03709  0.03709  0.01845  0  0  0
3.392  0.01739  0.5813  0.1637  0.1253  0.03709  0.03709  0.03709  0.01845  0  0  0
2.47  0.1407  0.5822  0.1639  0.1239  0.03715  0.03715  0.03715  0.01847  0  0  0
5.695  0.0001422  0.5807  0.1635  0.1263  0.03705  0.03705  0.03705  0.01842  0  0  0
4.156  0.003425  0.581  0.1636  0.1258  0.03707  0.03707  0.03707  0.01843  0  0  0
4.757  0.0009796  0.5808  0.1635  0.126  0.03706  0.03706  0.03706  0.01843  0  0  0
4.108  0.003809  0.581  0.1636  0.1258  0.03707  0.03707  0.03707  0.01843  0  0  0
4.149  0.003485  0.581  0.1636  0.1258  0.03707  0.03707  0.03707  0.01844  0  0  0
3.493  0.01403  0.5813  0.1636  0.1254  0.03709  0.03709  0.03709  0.01844  0  0  0
3.617  0.01066  0.5812  0.1636  0.1255  0.03709  0.03709  0.03709  0.01844  0  0  0
3.014  0.04018  0.5816  0.1637  0.1249  0.03711  0.03711  0.03711  0.01846  0  0  0
4.178  0.003283  0.581  0.1636  0.1258  0.03707  0.03707  0.03707  0.01843  0  0  0
4.452  0.00187  0.5809  0.1635  0.1259  0.03707  0.03707  0.03707  0.01843  0  0  0
3.467  0.01477  0.5813  0.1636  0.1253  0.03709  0.03709  0.03709  0.01845  0  0  0
5.351  0.0002874  0.5807  0.1635  0.1262  0.03705  0.03705  0.03705  0.01842  0  0  0
2.89  0.05281  0.5817  0.1638  0.1247  0.03712  0.03712  0.03712  0.01845  0  0  0
4.406  0.00202  0.5809  0.1635  0.1259  0.03707  0.03707  0.03707  0.01843  0  0  0
4.002  0.004777  0.5811  0.1636  0.1257  0.03708  0.03708  0.03708  0.01844  0  0  0
5.173  0.0004176  0.5808  0.1635  0.1261  0.03706  0.03706  0.03706  0.01843  0  0  0
2.708  0.07956  0.5819  0.1638  0.1244  0.03713  0.03713  0.03713  0.01847  0  0  0
5.05  0.0005378  0.5808  0.1635  0.1261  0.03706  0.03706  0.03706  0.01842  0  0  0
3.628  0.01045  0.5812  0.1636  0.1255  0.03709  0.03709  0.03709  0.01844  0  0  0
5.414  0.0002527  0.5807  0.1635  0.1262  0.03705  0.03705  0.03705  0.01842  0  0  0
5.296  0.0003163  0.5807  0.1635  0.1262  0.03706  0.03706  0.03706  0.01843  0  0  0
5.904  0.00009091  0.5807  0.1635  0.1263  0.03705  0.03705  0.03705  0.01842  0  0  0
4.249  0.002806  0.581  0.1636  0.1258  0.03707  0.03707  0.03707  0.01843  0  0  0
5.668  0.0001476  0.5807  0.1635  0.1263  0.03705  0.03705  0.03705  0.01843  0  0  0
4.025  0.004544  0.5811  0.1636  0.1257  0.03707  0.03707  0.03707  0.01843  0  0  0
3.736  0.008271  0.5812  0.1636  0.1255  0.03708  0.03708  0.03708  0.01844  0  0  0
4.494  0.001715  0.5809  0.1635  0.1259  0.03707  0.03707  0.03707  0.01843  0  0  0
4.255  0.002806  0.581  0.1635  0.1258  0.03707  0.03707  0.03707  0.01843  0  0  0
3.126  0.03063  0.5815  0.1637  0.125  0.0371  0.0371  0.0371  0.01846  0  0  0
5.166  0.0004176  0.5808  0.1635  0.1261  0.03706  0.03706  0.03706  0.01843  0  0  0
3.026  0.03853  0.5816  0.1637  0.1249  0.03711  0.03711  0.03711  0.01845  0  0  0
4.392  0.002115  0.5809  0.1635  0.1259  0.03707  0.03707  0.03707  0.01843  0  0  0
2.726  0.07604  0.5819  0.1638  0.1244  0.03713  0.03713  0.03713  0.01847  0  0  0
2.736  0.07439  0.5819  0.1638  0.1245  0.03713  0.03713  0.03713  0.01846  0  0  0
5.453  0.0002327  0.5807  0.1635  0.1262  0.03705  0.03705  0.03705  0.01843  0  0  0
3.581  0.01161  0.5812  0.1636  0.1254  0.03709  0.03709  0.03709  0.01844  0  0  0
2.022  0.4368  0.5832  0.1642  0.1225  0.03721  0.03721  0.03721  0.01851  0  0  0
5.138  0.0004475  0.5808  0.1635  0.1261  0.03706  0.03706  0.03706  0.01843  0  0  0
5.287  0.0003246  0.5807  0.1635  0.1262  0.03706  0.03706  0.03706  0.01843  0  0  0
3.248  0.02362  0.5814  0.1637  0.1251  0.0371  0.0371  0.0371  0.01845  0  0  0
3.327  0.01996  0.5814  0.1637  0.1252  0.0371  0.0371  0.0371  0.01845  0  0  0
4.76  0.0009796  0.5808  0.1635  0.126  0.03706  0.03706  0.03706  0.01843  0  0  0
2.113  0.3466  0.5829  0.1641  0.1229  0.03719  0.03719  0.03719  0.0185  0  0  0
3.15  0.02948  0.5815  0.1637  0.125  0.0371  0.0371  0.0371  0.01844  0  0  0
2.678  0.08563  0.582  0.1638  0.1244  0.03713  0.03713  0.03713  0.01847  0  0  0
5.869  0.00009629  0.5807  0.1635  0.1263  0.03705  0.03705  0.03705  0.01842  0  0  0
5.505  0.0002096  0.5807  0.1635  0.1262  0.03705  0.03705  0.03705  0.01842  0  0  0
3.145  0.02996  0.5815  0.1637  0.125  0.0371  0.0371  0.0371  0.01845  0  0  0
2.184  0.2903  0.5828  0.1641  0.1231  0.03718  0.03718  0.03718  0.01849  0  0  0
2.374  0.1782  0.5824  0.1639  0.1237  0.03716  0.03716  0.03716  0.01848  0  0  0
2.554  0.1153  0.5821  0.1639  0.1241  0.03714  0.03714  0.03714  0.01848  0  0  0
4.354  0.002294  0.5809  0.1635  0.1259  0.03707  0.03707  0.03707  0.01843  0  0  0
3.304  0.02118  0.5814  0.1637  0.1252  0.0371  0.0371  0.0371  0.01845  0  0  0
4.064  0.004237  0.581  0.1636  0.1257  0.03707  0.03707  0.03707  0.01843  0  0  0
2.683  0.08563  0.582  0.1638  0.1244  0.03713  0.03713  0.03713  0.01846  0  0  0
4.572  0.001458  0.5809  0.1635  0.126  0.03706  0.03706  0.03706  0.01843  0  0  0
5.189  0.0004021  0.5808  0.1635  0.1261  0.03706  0.03706  0.03706  0.01843  0  0  0
3.017  0.03917  0.5816  0.1637  0.1249  0.03711  0.03711  0.03711  0.01845  0  0  0
4.02  0.004575  0.5811  0.1636  0.1257  0.03707  0.03707  0.03707  0.01843  0  0  0
3.11  0.03206  0.5815  0.1637  0.125  0.03711  0.03711  0.03711  0.01845  0  0  0
2.065  0.3932  0.5831  0.1641  0.1227  0.0372  0.0372  0.0372  0.0185  0  0  0
4.163  0.003425  0.581  0.1636  0.1258  0.03707  0.03707  0.03707  0.01843  0  0  0
5.568  0.0001805  0.5807  0.1635  0.1262  0.03705  0.03705  0.03705  0.01842  0  0  0
2.751  0.07284  0.5819  0.1638  0.1245  0.03713  0.03713  0.03713  0.01846  0  0  0
5.042  0.000547  0.5808  0.1635  0.1261  0.03706  0.03706  0.03706  0.01843  0  0  0
3.385  0.0178  0.5813  0.1637  0.1253  0.03709  0.03709  0.03709  0.01845  0  0  0
4.339  0.00235  0.581  0.1635  0.1259  0.03707  0.03707  0.03707  0.01843  0  0  0
5.951  0.00008177  0.5807  0.1635  0.1263  0.03705  0.03705  0.03705  0.01842  0  0  0
4.985  0.0006218  0.5808  0.1635  0.1261  0.03706  0.03706  0.03706  0.01843  0  0  0
5.091  0.0004947  0.5808  0.1635  0.1261  0.03706  0.03706  0.03706  0.01843  0  0  0
3.22  0.02528  0.5815  0.1637  0.1251  0.0371  0.0371  0.0371  0.01844  0  0  0
2.976  0.0428  0.5817  0.1637  0.1248  0.03711  0.03711  0.03711  0.01845  0  0  0
5.517  0.0002016  0.5807  0.1635  0.1262  0.03705  0.03705  0.03705  0.01843  0  0  0
5.764  0.0001206  0.5807  0.1635  0.1263  0.03705  0.03705  0.03705  0.01842  0  0  0
3.056  0.03611  0.5816  0.1637  0.1249  0.03711  0.03711  0.03711  0.01846  0  0  0
2.813  0.06317  0.5818  0.1638  0.1246  0.03712  0.03712  0.03712  0.01846  0  0  0
3.507  0.01346  0.5813  0.1636  0.1254  0.03709  0.03709  0.03709  0.01844  0  0  0
3.315  0.02073  0.5814  0.1637  0.1252  0.0371  0.0371  0.0371  0.01845  0  0  0
2.242  0.249  0.5826  0.164  0.1233  0.03718  0.03718  0.03718  0.01849  0  0  0
4.14  0.003584  0.581  0.1636  0.1258  0.03707  0.03707  0.03707  0.01844  0  0  0
2.493  0.1335  0.5822  0.1639  0.124  0.03715  0.03715  0.03715  0.01848  0  0  0
3.657  0.009797  0.5812  0.1636  0.1255  0.03708  0.03708  0.03708  0.01844  0  0  0
3.468  0.01477  0.5813  0.1636  0.1253  0.03709  0.03709  0.03709  0.01844  0  0  0
2.485  0.1365  0.5822  0.1639  0.124  0.03715  0.03715  0.03715  0.01847  0  0  0
5.878  0.00009495  0.5807  0.1635  0.1263  0.03705  0.03705  0.03705  0.01842  0  0  0
3.144  0.02996  0.5815  0.1637  0.125  0.0371  0.0371  0.0371  0.01845  0  0  0
3.114  0.03206  0.5815  0.1637  0.125  0.03711  0.03711  0.03711  0.01845  0  0  0
5.253  0.0003519  0.5808  0.1635  0.1262  0.03706  0.03706  0.03706  0.01843  0  0  0
2.355  0.1885  0.5824  0.164  0.1236  0.03716  0.03716  0.03716  0.01848  0  0  0
2.961  0.04483  0.5817  0.1637  0.1248  0.03711  0.03711  0.03711  0.01846  0  0  0
4.219  0.003008  0.581  0.1636  0.1258  0.03707  0.03707  0.03707  0.01844  0  0  0
5.666  0.0001476  0.5807  0.1635  0.1263  0.03705  0.03705  0.03705  0.01843  0  0  0
5.351  0.0002874  0.5807  0.1635  0.1262  0.03705  0.03705  0.03705  0.01842  0  0  0
5.614  0.0001664  0.5807  0.1635  0.1262  0.03705  0.03705  0.03705  0.01842  0  0  0
4.684  0.001166  0.5809  0.1635  0.126  0.03706  0.03706  0.03706  0.01843  0  0  0
4.294  0.002615  0.581  0.1635  0.1258  0.03707  0.03707  0.03707  0.01843  0  0  0
3.314  0.02073  0.5814  0.1637  0.1252  0.0371  0.0371  0.0371  0.01845  0  0  0
4.605  0.001344  0.5809  0.1635  0.126  0.03706  0.03706  0.03706  0.01843  0  0  0
4.473  0.0018  0.5809  0.1635  0.1259  0.03707  0.03707  0.03707  0.01843  0  0  0
5.128  0.0004517  0.5808  0.1635  0.1261  0.03706  0.03706  0.03706  0.01843  0  0  0
3.994  0.004853  0.5811  0.1636  0.1257  0.03708  0.03708  0.03708  0.01844  0  0  0
3.696  0.009033  0.5812  0.1636  0.1255  0.03708  0.03708  0.03708  0.01844  0  0  0
4.153  0.003485  0.581  0.1636  0.1258  0.03707  0.03707  0.03707  0.01844  0  0  0
4.666  0.001184  0.5809  0.1635  0.126  0.03706  0.03706  0.03706  0.01843  0  0  0
2.552  0.1153  0.5821  0.1639  0.1241  0.03714  0.03714  0.03714  0.01848  0  0  0
2.154  0.3138  0.5828  0.1641  0.123  0.03719  0.03719  0.03719  0.01849  0  0  0
4.909  0.0007188  0.5808  0.1635  0.1261  0.03706  0.03706  0.03706  0.01842  0  0  0
2.088  0.3653  0.583  0.1641  0.1228  0.0372  0.0372  0.0372  0.0185  0  0  0
5.96  0.00007968  0.5807  0.1635  0.1263  0.03705  0.03705  0.03705  0.01842  0  0  0
4.996  0.0005962  0.5808  0.1635  0.1261  0.03706  0.03706  0.03706  0.01843  0  0  0
3.497  0.01383  0.5813  0.1636  0.1254  0.03709  0.03709  0.03709  0.01844  0  0  0
2.186  0.2802  0.5828  0.1641  0.1231  0.03718  0.03718  0.03718  0.01849  0  0  0
2.764  0.07052  0.5819  0.1638  0.1245  0.03713  0.03713  0.03713  0.01846  0  0  0
5.27  0.0003403  0.5808  0.1635  0.1262  0.03706  0.03706  0.03706  0.01843  0  0  0
4.777  0.0009459  0.5808  0.1635  0.126  0.03706  0.03706  0.03706  0.01843  0  0  0
3.234  0.0247  0.5814  0.1637  0.1251  0.0371  0.0371  0.0371  0.01845  0  0  0
4.068  0.004151  0.581  0.1636  0.1257  0.03707  0.03707  0.03707  0.01844  0  0  0
2.237  0.249  0.5827  0.164  0.1233  0.03718  0.03718  0.03718  0.0185  0  0  0
4.075  0.004151  0.581  0.1636  0.1257  0.03707  0.03707  0.03707  0.01843  0  0  0
2.282  0.2248  0.5826  0.164  0.1234  0.03717  0.03717  0.03717  0.01849  0  0  0
2.821  0.06183  0.5818  0.1638  0.1246  0.03712  0.03712  0.03712  0.01846  0  0  0
5.011  0.0005823  0.5808  0.1635  0.1261  0.03706  0.03706  0.03706  0.01843  0  0  0
4.678  0.001166  0.5809  0.1635  0.126  0.03706  0.03706  0.03706  0.01843  0  0  0
4.276  0.002646  0.581  0.1635  0.1258  0.03707  0.03707  0.03707  0.01844  0  0  0
4.707  0.001082  0.5809  0.1635  0.126  0.03706  0.03706  0.03706  0.01843  0  0  0
2.603  0.1027  0.582  0.1639  0.1242  0.03714  0.03714  0.03714  0.01847  0  0  0
3.651  0.00998  0.5812  0.1636  0.1255  0.03708  0.03708  0.03708  0.01845  0  0  0
4.96  0.0006474  0.5808  0.1635  0.1261  0.03706  0.03706  0.03706  0.01843  0  0  0
3.897  0.005881  0.5811  0.1636  0.1256  0.03708  0.03708  0.03708  0.01843  0  0  0
2.451  0.1483  0.5823  0.1639  0.1239  0.03715  0.03715  0.03715  0.01846  0  0  0
2.363  0.1842  0.5824  0.164  0.1237  0.03716  0.03716  0.03716  0.01849  0  0  0
3.664  0.009797  0.5812  0.1636  0.1255  0.03708  0.03708  0.03708  0.01845  0  0  0
4.15  0.003485  0.581  0.1636  0.1258  0.03707  0.03707  0.03707  0.01843  0  0  0
4.658  0.001208  0.5809  0.1635  0.126  0.03706  0.03706  0.03706  0.01843  0  0  0
2.198  0.2744  0.5827  0.164  0.1232  0.03718  0.03718  0.03718  0.01849  0  0  0
5.513  0.0002059  0.5807  0.1635  0.1262  0.03705  0.03705  0.03705  0.01842  0  0  0
5.395  0.0002639  0.5807  0.1635  0.1262  0.03705  0.03705  0.03705  0.01842  0  0  0
2.423  0.1593  0.5823  0.1639  0.1238  0.03716  0.03716  0.03716  0.01848  0  0  0
3.068  0.03537  0.5816  0.1637  0.1249  0.03711  0.03711  0.03711  0.01845  0  0  0
4.635  0.001282  0.5809  0.1635  0.126  0.03706  0.03706  0.03706  0.01843  0  0  0
3.256  0.02309  0.5814  0.1637  0.1251  0.0371  0.0371  0.0371  0.01845  0  0  0
3.715  0.00876  0.5812  0.1636  0.1255  0.03708  0.03708  0.03708  0.01845  0  0  0
5.672  0.0001476  0.5807  0.1635  0.1263  0.03705  0.03705  0.03705  0.01843  0  0  0
3.896  0.005881  0.5811  0.1636  0.1256  0.03708  0.03708  0.03708  0.01844  0  0  0
5.562  0.0001847  0.5807  0.1635  0.1262  0.03705  0.03705  0.03705  0.01842  0  0  0
5.983  0.00007701  0.5807  0.1635  0.1263  0.03705  0.03705  0.03705  0.01842  0  0  0
4.016  0.004575  0.5811  0.1636  0.1257  0.03707  0.03707  0.03707  0.01844  0  0  0
2.73  0.07604  0.5819  0.1638  0.1244  0.03713  0.03713  0.03713  0.01847  0  0  0
5.104  0.0004801  0.5808  0.1635  0.1261  0.03706  0.03706  0.03706  0.01843  0  0  0
5.782  0.0001162  0.5807  0.1635  0.1263  0.03705  0.03705  0.03705  0.01843  0  0  0
3.163  0.02882  0.5815  0.1637  0.125  0.0371  0.0371  0.0371  0.01846  0  0  0
2.927  0.04818  0.5817  0.1638  0.1248  0.03712  0.03712  0.03712  0.01845  0  0  0
4.099  0.003898  0.581  0.1636  0.1258  0.03707  0.03707  0.03707  0.01843  0  0  0
3.78  0.007635  0.5811  0.1636  0.1256  0.03708  0.03708  0.03708  0.01844  0  0  0
4.154  0.003485  0.581  0.1636  0.1258  0.03707  0.03707  0.03707  0.01843  0  0  0
4.776  0.0009459  0.5808  0.1635  0.126  0.03706  0.03706  0.03706  0.01843  0  0  0
5.506  0.0002059  0.5807  0.1635  0.1262  0.03705  0.03705  0.03705  0.01843  0  0  0
2.866  0.055  0.5818  0.1638  0.1247  0.03712  0.03712  0.03712  0.01845  0  0  0
3.943  0.005432  0.5811  0.1636  0.1257  0.03708  0.03708  0.03708  0.01844  0  0  0
4.583  0.001426  0.5809  0.1635  0.126  0.03706  0.03706  0.03706  0.01843  0  0  0
5.307  0.0003135  0.5807  0.1635  0.1262  0.03706  0.03706  0.03706  0.01843  0  0  0
2.34  0.1914  0.5825  0.164  0.1236  0.03716  0.03716  0.03716  0.01848  0  0  0
4.049  0.004284  0.581  0.1636  0.1257  0.03707  0.03707  0.03707  0.01843  0  0  0
5.064  0.0005241  0.5808  0.1635  0.1261  0.03706  0.03706  0.03706  0.01843  0  0  0
3.116  0.03169  0.5815  0.1637  0.125  0.03711  0.03711  0.03711  0.01845  0  0  0
2.606  0.1004  0.582  0.1639  0.1242  0.03714  0.03714  0.03714  0.01847  0  0  0
4.032  0.004544  0.581  0.1636  0.1257  0.03707  0.03707  0.03707  0.01844  0  0  0
3.267  0.02271  0.5814  0.1637  0.1252  0.0371  0.0371  0.0371  0.01845  0  0  0
4.793  0.0009195  0.5808  0.1635  0.126  0.03706  0.03706  0.03706  0.01843  0  0  0
5.758  0.0001206  0.5807  0.1635  0.1263  0.03705  0.03705  0.03705  0.01842  0  0  0
2.282  0.2248  0.5826  0.164  0.1234  0.03717  0.03717  0.03717  0.01849  0  0  0
5.175  0.0004176  0.5808  0.1635  0.1261  0.03706  0.03706  0.03706  0.01843  0  0  0
3.563  0.01224  0.5812  0.1636  0.1254  0.03709  0.03709  0.03709  0.01845  0  0  0
3.757  0.007925  0.5812  0.1636  0.1256  0.03708  0.03708  0.03708  0.01844  0  0  0
3.495  0.01403  0.5813  0.1636  0.1254  0.03709  0.03709  0.03709  0.01844  0  0  0
5.959  0.00007968  0.5807  0.1635  0.1263  0.03705  0.03705  0.03705  0.01842  0  0  0
4.269  0.002714  0.581  0.1635  0.1258  0.03707  0.03707  0.03707  0.01843  0  0  0
4.483  0.00175  0.5809  0.1635  0.1259  0.03707  0.03707  0.03707  0.01843  0  0  0
5.851  0.000101  0.5807  0.1635  0.1263  0.03705  0.03705  0.03705  0.01842  0  0  0
2.55  0.1153  0.5821  0.1639  0.1241  0.03714  0.03714  0.03714  0.01847  0  0  0
5.442  0.0002381  0.5807  0.1635  0.1262  0.03705  0.03705  0.03705  0.01843  0  0  0
5.223  0.0003758  0.5808  0.1635  0.1262  0.03706  0.03706  0.03706  0.01842  0  0  0
3.925  0.005633  0.5811  0.1636  0.1257  0.03708  0.03708  0.03708  0.01844  0  0  0
3.956  0.00517  0.5811  0.1636  0.1257  0.03708  0.03708  0.03708  0.01844  0  0  0
2.146  0.3138  0.5829  0.1641  0.123  0.03719  0.03719  0.03719  0.01849  0  0  0
2.347  0.1885  0.5824  0.164  0.1236  0.03716  0.03716  0.03716  0.01847  0  0  0
5.531  0.0001971  0.5807  0.1635  0.1262  0.03705  0.03705  0.03705  0.01842  0  0  0
4.216  0.003008  0.581  0.1636  0.1258  0.03707  0.03707  0.03707  0.01844  0  0  0
4.605  0.001344  0.5809  0.1635  0.126  0.03706  0.03706  0.03706  0.01843  0  0  0
5.874  0.00009629  0.5807  0.1635  0.1263  0.03705  0.03705  0.03705  0.01842  0  0  0
4.431  0.001933  0.5809  0.1635  0.1259  0.03707  0.03707  0.03707  0.01843  0  0  0
5.048  0.0005378  0.5808  0.1635  0.1261  0.03706  0.03706  0.03706  0.01843  0  0  0
5.301  0.0003163  0.5807  0.1635  0.1262  0.03706  0.03706  0.03706  0.01843  0  0  0
2.397  0.1671  0.5824  0.1639  0.1238  0.03716  0.03716  0.03716  0.01848  0  0  0
5.202  0.0003917  0.5808  0.1635  0.1262  0.03706  0.03706  0.03706  0.01843  0  0  0
4.404  0.002082  0.5809  0.1635  0.1259  0.03707  0.03707  0.03707  0.01843  0  0  0
3.276  0.02226  0.5814  0.1637  0.1252  0.0371  0.0371  0.0371  0.01845  0  0  0
4.489  0.001715  0.5809  0.1635  0.1259  0.03707  0.03707  0.03707  0.01844  0  0  0
2.326  0.1981  0.5825  0.164  0.1236  0.03717  0.03717  0.03717  0.01848  0  0  0
5.21  0.0003834  0.5808  0.1635  0.1262  0.03706  0.03706  0.03706  0.01842  0  0  0
2.758  0.07052  0.5819  0.1638  0.1245  0.03713  0.03713  0.03713  0.01846  0  0  0
2.003  0.4628  0.5832  0.1642  0.1224  0.03721  0.03721  0.03721  0.01851  0  0  0
4.616  0.001308  0.5809  0.1635  0.126  0.03706  0.03706  0.03706  0.01843  0  0  0
5.596  0.0001702  0.5807  0.1635  0.1262  0.03705  0.03705  0.03705  0.01843  0  0  0
4.084  0.004041  0.581  0.1636  0.1257  0.03707  0.03707  0.03707  0.01844  0  0  0
2.287  0.2178  0.5826  0.164  0.1235  0.03717  0.03717  0.03717  0.01848  0  0  0
5.22  0.0003758  0.5808  0.1635  0.1262  0.03706  0.03706  0.03706  0.01843  0  0  0
5.329  0.0002985  0.5807  0.1635  0.1262  0.03705  0.03705  0.03705  0.01843  0  0  0
4.497  0.001689  0.5809  0.1635  0.1259  0.03707  0.03707  0.03707  0.01843  0  0  0
3.893  0.006  0.5811  0.1636  0.1256  0.03708  0.03708  0.03708  0.01843  0  0  0
4.208  0.003081  0.581  0.1636  0.1258  0.03707  0.03707  0.03707  0.01844  0  0  0
5.449  0.0002327  0.5807  0.1635  0.1262  0.03705  0.03705  0.03705  0.01843  0  0  0
5.329  0.0002985  0.5807  0.1635  0.1262  0.03705  0.03705  0.03705  0.01843  0  0  0
3.1  0.03292  0.5815  0.1637  0.125  0.03711  0.03711  0.03711  0.01845  0  0  0
4.297  0.002548  0.581  0.1635  0.1258  0.03707  0.03707  0.03707  0.01843  0  0  0
5.806  0.0001102  0.5807  0.1635  0.1263  0.03705  0.03705  0.03705  0.01842  0  0  0
5.316  0.0003044  0.5807  0.1635  0.1262  0.03706  0.03706  0.03706  0.01843  0  0  0
3.201  0.02644  0.5815  0.1637  0.1251  0.0371  0.0371  0.0371  0.01845  0  0  0
2.646  0.09104  0.582  0.1638  0.1243  0.03714  0.03714  0.03714  0.01846  0  0  0
5.364  0.0002817  0.5807  0.1635  0.1262  0.03705  0.03705  0.03705  0.01842  0  0  0
3.904  0.005881  0.5811  0.1636  0.1256  0.03708  0.03708  0.03708  0.01843  0  0  0
2.097  0.3562  0.583  0.1641  0.1228  0.0372  0.0372  0.0372  0.0185  0  0  0
2.949  0.04585  0.5817  0.1637  0.1248  0.03711  0.03711  0.03711  0.01845  0  0  0
2.768  0.0696  0.5819  0.1638  0.1245  0.03713  0.03713  0.03713  0.01846  0  0  0
3.955  0.005323  0.5811  0.1636  0.1257  0.03708  0.03708  0.03708  0.01844  0  0  0
2.356  0.1842  0.5824  0.164  0.1236  0.03716  0.03716  0.03716  0.01847  0  0  0
3.016  0.03917  0.5816  0.1637  0.1249  0.03711  0.03711  0.03711  0.01846  0  0  0
3.208  0.02593  0.5815  0.1637  0.1251  0.0371  0.0371  0.0371  0.01845  0  0  0
4.034  0.004544  0.5811  0.1636  0.1257  0.03707  0.03707  0.03707  0.01843  0  0  0
3.385  0.0178  0.5813  0.1637  0.1253  0.03709  0.03709  0.03709  0.01845  0  0  0
3.065  0.03611  0.5816  0.1637  0.1249  0.03711  0.03711  0.03711  0.01845  0  0  0
4.762  0.0009796  0.5808  0.1635  0.126  0.03706  0.03706  0.03706  0.01843  0  0  0
3.959  0.00517  0.5811  0.1636  0.1257  0.03708  0.03708  0.03708  0.01843  0  0  0
3.451  0.01548  0.5813  0.1636  0.1253  0.03709  0.03709  0.03709  0.01844  0  0  0
5.528  0.0001971  0.5807  0.1635  0.1262  0.03705  0.03705  0.03705  0.01843  0  0  0
5.547  0.0001887  0.5807  0.1635  0.1262  0.03705  0.03705  0.03705  0.01843  0  0  0
2.575  0.1074  0.5821  0.1639  0.1242  0.03714  0.03714  0.03714  0.01847  0  0  0
4.982  0.0006218  0.5808  0.1635  0.1261  0.03706  0.03706  0.03706  0.01843  0  0  0
3.46  0.01508  0.5813  0.1636  0.1253  0.03709  0.03709  0.03709  0.01845  0  0  0
2.909  0.05035  0.5817  0.1638  0.1247  0.03712  0.03712  0.03712  0.01846  0  0  0
5.466  0.0002229  0.5807  0.1635  0.1262  0.03705  0.03705  0.03705  0.01843  0  0  0
3.248  0.02362  0.5814  0.1637  0.1251  0.0371  0.0371  0.0371  0.01845  0  0  0
4.603  0.001366  0.5809  0.1635  0.126  0.03706  0.03706  0.03706  0.01843  0  0  0
4.194  0.003222  0.581  0.1636  0.1258  0.03707  0.03707  0.03707  0.01844  0  0  0
2.057  0.3932  0.5831  0.1641  0.1227  0.0372  0.0372  0.0372  0.0185  0  0  0
3.369  0.01826  0.5814  0.1637  0.1253  0.03709  0.03709  0.03709  0.01844  0  0  0
3.692  0.009219  0.5812  0.1636  0.1255  0.03708  0.03708  0.03708  0.01844  0  0  0
3.819  0.007003  0.5811  0.1636  0.1256  0.03708  0.03708  0.03708  0.01844  0  0  0
5.528  0.0001971  0.5807  0.1635  0.1262  0.03705  0.03705  0.03705  0.01843  0  0  0
2.5  0.1301  0.5822  0.1639  0.124  0.03715  0.03715  0.03715  0.01847  0  0  0
2.139  0.3194  0.5829  0.1641  0.123  0.03719  0.03719  0.03719  0.0185  0  0  0
5.338  0.0002914  0.5807  0.1635  0.1262  0.03705  0.03705  0.03705  0.01843  0  0  0
2.26  0.2355  0.5826  0.164  0.1234  0.03717  0.03717  0.03717  0.01849  0  0  0
2.996  0.04131  0.5816  0.1637  0.1248  0.03711  0.03711  0.03711  0.01846  0  0  0
3.961  0.00517  0.5811  0.1636  0.1257  0.03708  0.03708  0.03708  0.01843  0  0  0
3.532  0.01294  0.5813  0.1636  0.1254  0.03709  0.03709  0.03709  0.01844  0  0  0
2.089  0.3653  0.583  0.1641  0.1228  0.0372  0.0372  0.0372  0.0185  0  0  0
2.177  0.2903  0.5828  0.1641  0.1231  0.03719  0.03719  0.03719  0.01849  0  0  0
5.031  0.0005614  0.5808  0.1635  0.1261  0.03706  0.03706  0.03706  0.01843  0  0  0
4.767  0.0009653  0.5808  0.1635  0.126  0.03706  0.03706  0.03706  0.01843  0  0  0
5.954  0.00008177  0.5807  0.1635  0.1263  0.03705  0.03705  0.03705  0.01843  0  0  0
3.539  0.01273  0.5813  0.1636  0.1254  0.03709  0.03709  0.03709  0.01844  0  0  0
3.558  0.01224  0.5813  0.1636  0.1254  0.03709  0.03709  0.03709  0.01844  0  0  0
5.108  0.0004733  0.5808  0.1635  0.1261  0.03706  0.03706  0.03706  0.01843  0  0  0
4.818  0.0008679  0.5808  0.1635  0.126  0.03706  0.03706  0.03706  0.01843  0  0  0
3.621  0.01066  0.5812  0.1636  0.1255  0.03709  0.03709  0.03709  0.01844  0  0  0
2.066  0.3842  0.5831  0.1641  0.1227  0.0372  0.0372  0.0372  0.0185  0  0  0
4.679  0.001166  0.5809  0.1635  0.126  0.03706  0.03706  0.03706  0.01843  0  0  0
3.791  0.007454  0.5811  0.1636  0.1256  0.03708  0.03708  0.03708  0.01844  0  0  0
5.992  0.00007521  0.5807  0.1635  0.1263  0.03705  0.03705  0.03705  0.01842  0  0  0
4.066  0.004151  0.581  0.1636  0.1257  0.03707  0.03707  0.03707  0.01843  0  0  0
3.205  0.02644  0.5815  0.1637  0.1251  0.0371  0.0371  0.0371  0.01845  0  0  0
5.729  0.0001296  0.5807  0.1635  0.1263  0.03705  0.03705  0.03705  0.01842  0  0  0
3.069  0.03537  0.5816  0.1637  0.1249  0.03711  0.03711  0.03711  0.01846  0  0  0
5.529  0.0001971  0.5807  0.1635  0.1262  0.03705  0.03705  0.03705  0.01842  0  0  0
3.799  0.007324  0.5811  0.1636  0.1256  0.03708  0.03708  0.03708  0.01844  0  0  0
3.323  0.02025  0.5814  0.1637  0.1252  0.0371  0.0371  0.0371  0.01844  0  0  0
4.659  0.001208  0.5809  0.1635  0.126  0.03706  0.03706  0.03706  0.01843  0  0  0
2.602  0.1027  0.5821  0.1639  0.1242  0.03714  0.03714  0.03714  0.01846  0  0  0
2.119  0.3345  0.5829  0.1641  0.1229  0.03719  0.03719  0.03719  0.0185  0  0  0
2.286  0.2178  0.5826  0.164  0.1234  0.03717  0.03717  0.03717  0.01849  0  0  0
3.272  0.02271  0.5814  0.1637  0.1252  0.0371  0.0371  0.0371  0.01845  0  0  0
3.441  0.01569  0.5813  0.1636  0.1253  0.03709  0.03709  0.03709  0.01845  0  0  0
4.293  0.002615  0.581  0.1635  0.1258  0.03707  0.03707  0.03707  0.01843  0  0  0
5.326  0.0002985  0.5807  0.1635  0.1262  0.03706  0.03706  0.03706  0.01843  0  0  0
3.246  0.02362  0.5814  0.1637  0.1251  0.0371  0.0371  0.0371  0.01845  0  0  0
5.482  0.0002185  0.5807  0.1635  0.1262  0.03705  0.03705  0.03705  0.01842  0  0  0
5.731  0.0001296  0.5807  0.1635  0.1263  0.03705  0.03705  0.03705  0.01842  0  0  0
2.944  0.04709  0.5817  0.1637  0.1248  0.03711  0.03711  0.03711  0.01846  0  0  0
4.118  0.003727  0.581  0.1636  0.1258  0.03707  0.03707  0.03707  0.01844  0  0  0
3.79  0.007454  0.5811  0.1636  0.1256  0.03708  0.03708  0.03708  0.01843  0  0  0
2.243  0.249  0.5826  0.164  0.1233  0.03718  0.03718  0.03718  0.01849  0  0  0
3.792  0.007454  0.5811  0.1636  0.1256  0.03708  0.03708  0.03708  0.01844  0  0  0
2.913  0.05035  0.5817  0.1638  0.1247  0.03712  0.03712  0.03712  0.01846  0  0  0
5.426  0.0002438  0.5807  0.1635  0.1262  0.03705  0.03705  0.03705  0.01842  0  0  0
2.971  0.04428  0.5817  0.1637  0.1248  0.03711  0.03711  0.03711  0.01845  0  0  0
3.831  0.006858  0.5811  0.1636  0.1256  0.03708  0.03708  0.03708  0.01844  0  0  0
2.674  0.08732  0.582  0.1638  0.1243  0.03713  0.03713  0.03713  0.01846  0  0  0
4.655  0.001227  0.5809  0.1635  0.126  0.03706  0.03706  0.03706  0.01843  0  0  0
4.713  0.001082  0.5809  0.1635  0.126  0.03706  0.03706  0.03706  0.01843  0  0  0
2.115  0.3345  0.5829  0.1641  0.1229  0.03719  0.03719  0.03719  0.01849  0  0  0
2.547  0.1153  0.5821  0.1639  0.1241  0.03714  0.03714  0.03714  0.01847  0  0  0
4.791  0.0009195  0.5808  0.1635  0.126  0.03706  0.03706  0.03706  0.01843  0  0  0
2.194  0.2802  0.5827  0.164  0.1232  0.03718  0.03718  0.03718  0.01849  0  0  0
4.63  0.001282  0.5809  0.1635  0.126  0.03706  0.03706  0.03706  0.01843  0  0  0
2.418  0.1593  0.5823  0.1639  0.1238  0.03716  0.03716  0.03716  0.01848  0  0  0
3.512  0.01346  0.5813  0.1636  0.1254  0.03709  0.03709  0.03709  0.01844  0  0  0
2.706  0.07956  0.5819  0.1638  0.1244  0.03713  0.03713  0.03713  0.01847  0  0  0
2.412  0.162  0.5823  0.1639  0.1238  0.03716  0.03716  0.03716  0.01848  0  0  0
4.219  0.003008  0.581  0.1636  0.1258  0.03707  0.03707  0.03707  0.01844  0  0  0
3.027  0.03853  0.5816  0.1637  0.1249  0.03711  0.03711  0.03711  0.01846  0  0  0
2.229  0.2543  0.5827  0.164  0.1233  0.03718  0.03718  0.03718  0.01849  0  0  0
3.498  0.01383  0.5813  0.1636  0.1254  0.03709  0.03709  0.03709  0.01845  0  0  0
3.829  0.006858  0.5811  0.1636  0.1256  0.03708  0.03708  0.03708  0.01845  0  0  0
4.497  0.001689  0.5809  0.1635  0.1259  0.03707  0.03707  0.03707  0.01843  0  0  0
4.279  0.002646  0.581  0.1635  0.1258  0.03707  0.03707  0.03707  0.01843  0  0  0
2.915  0.05035  0.5817  0.1638  0.1247  0.03712  0.03712  0.03712  0.01846  0  0  0
3.364  0.01862  0.5814  0.1637  0.1252  0.03709  0.03709  0.03709  0.01845  0  0  0
4.583  0.001426  0.5809  0.1635  0.126  0.03706  0.03706  0.03706  0.01843  0  0  0
2.114  0.3466  0.5829  0.1641  0.1229  0.03719  0.03719  0.03719  0.0185  0  0  0
2.363  0.1842  0.5824  0.164  0.1237  0.03716  0.03716  0.03716  0.01849  0  0  0
3.157  0.02882  0.5815  0.1637  0.125  0.0371  0.0371  0.0371  0.01845  0  0  0
5.688  0.0001422  0.5807  0.1635  0.1263  0.03705  0.03705  0.03705  0.01843  0  0  0
5.293  0.0003246  0.5807  0.1635  0.1262  0.03706  0.03706  0.03706  0.01843  0  0  0
5.861  0.00009914  0.5807  0.1635  0.1263  0.03705  0.03705  0.03705  0.01843  0  0  0
3.384  0.0178  0.5813  0.1637  0.1253  0.03709  0.03709  0.03709  0.01845  0  0  0
5.241  0.0003594  0.5808  0.1635  0.1262  0.03706  0.03706  0.03706  0.01843  0  0  0
2.511  0.1277  0.5822  0.1639  0.124  0.03715  0.03715  0.03715  0.01847  0  0  0
3.853  0.006522  0.5811  0.1636  0.1256  0.03708  0.03708  0.03708  0.01844  0  0  0
3.099  0.03292  0.5815  0.1637  0.125  0.03711  0.03711  0.03711  0.01846  0  0  0
4.738  0.00102  0.5809  0.1635  0.126  0.03706  0.03706  0.03706  0.01843  0  0  0
3.468  0.01477  0.5813  0.1636  0.1253  0.03709  0.03709  0.03709  0.01844  0  0  0
5.344  0.0002914  0.5807  0.1635  0.1262  0.03706  0.03706  0.03706  0.01842  0  0  0
4.364  0.002268  0.5809  0.1635  0.1259  0.03707  0.03707  0.03707  0.01844  0  0  0
5.435  0.0002438  0.5807  0.1635  0.1262  0.03705  0.03705  0.03705  0.01843  0  0  0
4.883  0.0007641  0.5808  0.1635  0.1261  0.03706  0.03706  0.03706  0.01843  0  0  0
5.103  0.0004801  0.5808  0.1635  0.1261  0.03706  0.03706  0.03706  0.01843  0  0  0
5.55  0.0001887  0.5807  0.1635  0.1262  0.03705  0.03705  0.03705  0.01843  0  0  0
2.104  0.3562  0.583  0.1641  0.1228  0.0372  0.0372  0.0372  0.0185  0  0  0
5.235  0.0003685  0.5808  0.1635  0.1262  0.03706  0.03706  0.03706  0.01843  0  0  0
4.329  0.002393  0.581  0.1635  0.1259  0.03707  0.03707  0.03707  0.01844  0  0  0
3.604  0.01111  0.5812  0.1636  0.1254  0.03709  0.03709  0.03709  0.01844  0  0  0
5.206  0.0003834  0.5808  0.1635  0.1262  0.03706  0.03706  0.03706  0.01843  0  0  0
3.496  0.01383  0.5813  0.1636  0.1254  0.03709  0.03709  0.03709  0.01844  0  0  0
3.075  0.03445  0.5816  0.1637  0.1249  0.03711  0.03711  0.03711  0.01846  0  0  0
3.212  0.02593  0.5815  0.1637  0.1251  0.0371  0.0371  0.0371  0.01845  0  0  0
4.378  0.00217  0.5809  0.1635  0.1259  0.03707  0.03707  0.03707  0.01843  0  0  0
2.946  0.04585  0.5817  0.1637  0.1248  0.03711  0.03711  0.03711  0.01846  0  0  0
2.781  0.06773  0.5818  0.1638  0.1245  0.03712  0.03712  0.03712  0.01846  0  0  0
2.984  0.0428  0.5816  0.1637  0.1248  0.03711  0.03711  0.03711  0.01845  0  0  0
2.738  0.07439  0.5819  0.1638  0.1245  0.03713  0.03713  0.03713  0.01846  0  0  0
3.826  0.006858  0.5811  0.1636  0.1256  0.03708  0.03708  0.03708  0.01844  0  0  0
2.767  0.0696  0.5819  0.1638  0.1245  0.03713  0.03713  0.03713  0.01846  0  0  0
5.861  0.00009914  0.5807  0.1635  0.1263  0.03705  0.03705  0.03705  0.01843  0  0  0
3.342  0.01948  0.5814  0.1637  0.1252  0.0371  0.0371  0.0371  0.01845  0  0  0
4.085  0.004041  0.581  0.1636  0.1257  0.03707  0.03707  0.03707  0.01844  0  0  0
4.396  0.002082  0.5809  0.1635  0.1259  0.03707  0.03707  0.03707  0.01843  0  0  0
5.783  0.0001162  0.5807  0.1635  0.1263  0.03705  0.03705  0.03705  0.01842  0  0  0
3.373  0.01826  0.5814  0.1637  0.1253  0.03709  0.03709  0.03709  0.01845  0  0  0
3.114  0.03206  0.5815  0.1637  0.125  0.03711  0.03711  0.03711  0.01845  0  0  0
5.874  0.00009629  0.5807  0.1635  0.1263  0.03705  0.03705  0.03705  0.01842  0  0  0
3.885  0.006158  0.5811  0.1636  0.1256  0.03708  0.03708  0.03708  0.01844  0  0  0
5.474  0.0002229  0.5807  0.1635  0.1262  0.03705  0.03705  0.03705  0.01842  0  0  0
3.334  0.01996  0.5814  0.1637  0.1252  0.0371  0.0371  0.0371  0.01844  0  0  0
2.952  0.04585  0.5817  0.1637  0.1248  0.03711  0.03711  0.03711  0.01846  0  0  0
3.547  0.01238  0.5813  0.1636  0.1254  0.03709  0.03709  0.03709  0.01844  0  0  0
5.249  0.0003519  0.5808  0.1635  0.1262  0.03706  0.03706  0.03706  0.01843  0  0  0
4.337  0.00235  0.5809  0.1635  0.1259  0.03707  0.03707  0.03707  0.01844  0  0  0
5.486  0.0002144  0.5807  0.1635  0.1262  0.03705  0.03705  0.03705  0.01843  0  0  0
3.898  0.005881  0.5811  0.1636  0.1256  0.03708  0.03708  0.03708  0.01844  0  0  0
4.598  0.001366  0.5809  0.1635  0.126  0.03706  0.03706  0.03706  0.01843  0  0  0
3.009  0.04018  0.5816  0.1637  0.1249  0.03711  0.03711  0.03711  0.01846  0  0  0
4.648  0.001227  0.5809  0.1635  0.126  0.03706  0.03706  0.03706  0.01843  0  0  0
2.339  0.1914  0.5825  0.164  0.1236  0.03716  0.03716  0.03716  0.01849  0  0  0
3.871  0.006313  0.5811  0.1636  0.1256  0.03708  0.03708  0.03708  0.01843  0  0  0
2.916  0.04913  0.5817  0.1638  0.1247  0.03712  0.03712  0.03712  0.01845  0  0  0
4.426  0.001933  0.5809  0.1635  0.1259  0.03707  0.03707  0.03707  0.01843  0  0  0
2.805  0.06317  0.5818  0.1638  0.1246  0.03712  0.03712  0.03712  0.01845  0  0  0
2.779  0.06773  0.5818  0.1638  0.1245  0.03712  0.03712  0.03712  0.01846  0  0  0
3.13  0.03063  0.5815  0.1637  0.125  0.0371  0.0371  0.0371  0.01845  0  0  0
5.467  0.0002229  0.5807  0.1635  0.1262  0.03705  0.03705  0.03705  0.01842  0  0  0
3.561  0.01224  0.5813  0.1636  0.1254  0.03709  0.03709  0.03709  0.01844  0  0  0
5.219  0.0003758  0.5808  0.1635  0.1262  0.03706  0.03706  0.03706  0.01843  0  0  0
4.432  0.001933  0.5809  0.1635  0.1259  0.03707  0.03707  0.03707  0.01843  0  0  0
5.506  0.0002059  0.5807  0.1635  0.1262  0.03705  0.03705  0.03705  0.01843  0  0  0
5.861  0.00009914  0.5807  0.1635  0.1263  0.03705  0.03705  0.03705  0.01842  0  0  0
3.997  0.004777  0.5811  0.1636  0.1257  0.03708  0.03708  0.03708  0.01844  0  0  0
2.998  0.04131  0.5816  0.1637  0.1248  0.03711  0.03711  0.03711  0.01846  0  0  0
2.852  0.05766  0.5818  0.1638  0.1246  0.03712  0.03712  0.03712  0.01846  0  0  0
2.935  0.04818  0.5817  0.1637  0.1248  0.03712  0.03712  0.03712  0.01846  0  0  0
4.849  0.0008195  0.5808  0.1635  0.1261  0.03706  0.03706  0.03706  0.01843  0  0  0
4.245  0.002879  0.581  0.1636  0.1258  0.03707  0.03707  0.03707  0.01843  0  0  0
2.207  0.2677  0.5827  0.164  0.1232  0.03718  0.03718  0.03718  0.01849  0  0  0
2.894  0.05281  0.5817  0.1638  0.1247  0.03712  0.03712  0.03712  0.01846  0  0  0
3.794  0.007454  0.5811  0.1636  0.1256  0.03708  0.03708  0.03708  0.01843  0  0  0
4.694  0.001138  0.5809  0.1635  0.126  0.03706  0.03706  0.03706  0.01843  0  0  0
5.094  0.0004947  0.5808  0.1635  0.1261  0.03706  0.03706  0.03706  0.01843  0  0  0
2.257  0.2355  0.5826  0.164  0.1234  0.03717  0.03717  0.03717  0.01848  0  0  0
3.613  0.01089  0.5812  0.1636  0.1255  0.03709  0.03709  0.03709  0.01844  0  0  0
5.704  0.0001381  0.5807  0.1635  0.1263  0.03705  0.03705  0.03705  0.01842  0  0  0
5.869  0.00009629  0.5807  0.1635  0.1263  0.03705  0.03705  0.03705  0.01842  0  0  0
4.741  0.00102  0.5809  0.1635  0.126  0.03706  0.03706  0.03706  0.01843  0  0  0
5.433  0.0002438  0.5807  0.1635  0.1262  0.03705  0.03705  0.03705  0.01843  0  0  0
2.712  0.07956  0.5819  0.1638  0.1244  0.03713  0.03713  0.03713  0.01846  0  0  0
4.561  0.00149  0.5809  0.1635  0.126  0.03706  0.03706  0.03706  0.01843  0  0  0
3.512  0.01346  0.5813  0.1636  0.1254  0.03709  0.03709  0.03709  0.01844  0  0  0
5.288  0.0003246  0.5807  0.1635  0.1262  0.03706  0.03706  0.03706  0.01843  0  0  0
4.714  0.001082  0.5809  0.1635  0.126  0.03706  0.03706  0.03706  0.01843  0  0  0
2.081  0.3748  0.583  0.1641  0.1228  0.0372  0.0372  0.0372  0.0185  0  0  0
4.72  0.001066  0.5809  0.1635  0.126  0.03706  0.03706  0.03706  0.01843  0  0  0
3.819  0.007003  0.5811  0.1636  0.1256  0.03708  0.03708  0.03708  0.01844  0  0  0
4.501  0.001689  0.5809  0.1635  0.1259  0.03707  0.03707  0.03707  0.01843  0  0  0
2.988  0.04226  0.5816  0.1637  0.1248  0.03711  0.03711  0.03711  0.01846  0  0  0
5.515  0.0002059  0.5807  0.1635  0.1262  0.03705  0.03705  0.03705  0.01842  0  0  0
2.719  0.07757  0.5819  0.1638  0.1244  0.03713  0.03713  0.03713  0.01846  0  0  0
3.175  0.02817  0.5815  0.1637  0.1251  0.0371  0.0371  0.0371  0.01845  0  0  0
2.869  0.055  0.5817  0.1638  0.1247  0.03712  0.03712  0.03712  0.01846  0  0  0
3.235  0.0247  0.5814  0.1637  0.1251  0.0371  0.0371  0.0371  0.01845  0  0  0
3.362  0.01862  0.5814  0.1637  0.1252  0.03709  0.03709  0.03709  0.01845  0  0  0
5.206  0.0003834  0.5808  0.1635  0.1262  0.03706  0.03706  0.03706  0.01843  0  0  0
3.031  0.03853  0.5816  0.1637  0.1249  0.03711  0.03711  0.03711  0.01845  0  0  0
3.652  0.00998  0.5812  0.1636  0.1255  0.03708  0.03708  0.03708  0.01844  0  0  0
2.132  0.328  0.5829  0.1641  0.1229  0.03719  0.03719  0.03719  0.01849  0  0  0
5.585  0.0001764  0.5807  0.1635  0.1262  0.03705  0.03705  0.03705  0.01843  0  0  0
2.797  0.06482  0.5818  0.1638  0.1246  0.03712  0.03712  0.03712  0.01846  0  0  0
5.921  0.00008707  0.5807  0.1635  0.1263  0.03705  0.03705  0.03705  0.01843  0  0  0
4.65  0.001227  0.5809  0.1635  0.126  0.03706  0.03706  0.03706  0.01843  0  0  0
2.683  0.08563  0.582  0.1638  0.1244  0.03713  0.03713  0.03713  0.01846  0  0  0
4.687  0.001138  0.5809  0.1635  0.126  0.03706  0.03706  0.03706  0.01843  0  0  0
5.316  0.0003044  0.5807  0.1635  0.1262  0.03706  0.03706  0.03706  0.01842  0  0  0
3.18  0.02751  0.5815  0.1637  0.1251  0.0371  0.0371  0.0371  0.01845  0  0  0
3.122  0.03169  0.5815  0.1637  0.125  0.03711  0.03711  0.03711  0.01845  0  0  0
5.579  0.0001764  0.5807  0.1635  0.1262  0.03705  0.03705  0.03705  0.01842  0  0  0
3.592  0.01134  0.5812  0.1636  0.1254  0.03709  0.03709  0.03709  0.01845  0  0  0
4.992  0.0006078  0.5808  0.1635  0.1261  0.03706  0.03706  0.03706  0.01843  0  0  0
5.274  0.0003403  0.5807  0.1635  0.1262  0.03706  0.03706  0.03706  0.01843  0  0  0
5.001  0.0005962  0.5808  0.1635  0.1261  0.03706  0.03706  0.03706  0.01843  0  0  0
2.735  0.07604  0.5819  0.1638  0.1245  0.03713  0.03713  0.03713  0.01847  0  0  0
2.438  0.1507  0.5823  0.1639  0.1239  0.03715  0.03715  0.03715  0.01848  0  0  0
3.425  0.01633  0.5813  0.1636  0.1253  0.03709  0.03709  0.03709  0.01845  0  0  0
3.056  0.03611  0.5816  0.1637  0.1249  0.03711  0.03711  0.03711  0.01846  0  0  0
5.213  0.0003834  0.5808  0.1635  0.1262  0.03706  0.03706  0.03706  0.01843  0  0  0
2.959  0.04483  0.5817  0.1637  0.1248  0.03711  0.03711  0.03711  0.01846  0  0  0
4.821  0.0008679  0.5808  0.1635  0.126  0.03706  0.03706  0.03706  0.01843  0  0  0
4.091  0.003947  0.581  0.1636  0.1258  0.03707  0.03707  0.03707  0.01843  0  0  0
4.427  0.001933  0.5809  0.1635  0.1259  0.03707  0.03707  0.03707  0.01843  0  0  0
5.41  0.0002527  0.5807  0.1635  0.1262  0.03705  0.03705  0.03705  0.01842  0  0  0
5.352  0.0002874  0.5807  0.1635  0.1262  0.03705  0.03705  0.03705  0.01843  0  0  0
3.601  0.01111  0.5812  0.1636  0.1254  0.03709  0.03709  0.03709  0.01845  0  0  0
4.767  0.0009653  0.5808  0.1635  0.126  0.03706  0.03706  0.03706  0.01843  0  0  0
2.04  0.4148  0.5831  0.1642  0.1226  0.03721  0.03721  0.03721  0.0185  0  0  0
2.284  0.2248  0.5826  0.164  0.1234  0.03717  0.03717  0.03717  0.01849  0  0  0
5.243  0.0003594  0.5808  0.1635  0.1262  0.03706  0.03706  0.03706  0.01842  0  0  0
4.93  0.0006935  0.5808  0.1635  0.1261  0.03706  0.03706  0.03706  0.01843  0  0  0
3.095  0.03292  0.5815  0.1637  0.125  0.03711  0.03711  0.03711  0.01846  0  0  0
3.046  0.03686  0.5816  0.1637  0.1249  0.03711  0.03711  0.03711  0.01845  0  0  0
2.222  0.2599  0.5827  0.164  0.1233  0.03718  0.03718  0.03718  0.01848  0  0  0
5.18  0.0004088  0.5808  0.1635  0.1261  0.03706  0.03706  0.03706  0.01843  0  0  0
3.596  0.01111  0.5812  0.1636  0.1254  0.03709  0.03709  0.03709  0.01844  0  0  0
2.921  0.04913  0.5817  0.1638  0.1247  0.03712  0.03712  0.03712  0.01846  0  0  0
3.728  0.008446  0.5812  0.1636  0.1255  0.03708  0.03708  0.03708  0.01844  0  0  0
5.594  0.0001733  0.5807  0.1635  0.1262  0.03705  0.03705  0.03705  0.01842  0  0  0
5.028  0.0005614  0.5808  0.1635  0.1261  0.03706  0.03706  0.03706  0.01843  0  0  0
3.278  0.02226  0.5814  0.1637  0.1252  0.0371  0.0371  0.0371  0.01845  0  0  0
2.447  0.1483  0.5823  0.1639  0.1239  0.03715  0.03715  0.03715  0.01848  0  0  0
4.151  0.003485  0.581  0.1636  0.1258  0.03707  0.03707  0.03707  0.01844  0  0  0
2.544  0.1189  0.5821  0.1639  0.1241  0.03714  0.03714  0.03714  0.01847  0  0  0
5.783  0.0001162  0.5807  0.1635  0.1263  0.03705  0.03705  0.03705  0.01842  0  0  0
5.378  0.0002709  0.5807  0.1635  0.1262  0.03705  0.03705  0.03705  0.01843  0  0  0
4.155  0.003485  0.581  0.1636  0.1258  0.03707  0.03707  0.03707  0.01844  0  0  0
5.721  0.0001323  0.5807  0.1635  0.1263  0.03705  0.03705  0.03705  0.01843  0  0  0
2.793  0.06618  0.5818  0.1638  0.1246  0.03712  0.03712  0.03712  0.01846  0  0  0
4.479  0.00175  0.5809  0.1635  0.1259  0.03707  0.03707  0.03707  0.01843  0  0  0
2.827  0.06077  0.5818  0.1638  0.1246  0.03712  0.03712  0.03712  0.01845  0  0  0
5.172  0.0004176  0.5808  0.1635  0.1261  0.03706  0.03706  0.03706  0.01843  0  0  0
4.854  0.0008195  0.5808  0.1635  0.1261  0.03706  0.03706  0.03706  0.01843  0  0  0
2.084  0.3748  0.583  0.1641  0.1228  0.0372  0.0372  0.0372  0.0185  0  0  0
2.097  0.3562  0.583  0.1641  0.1228  0.0372  0.0372  0.0372  0.0185  0  0  0
3.917  0.005633  0.5811  0.1636  0.1257  0.03708  0.03708  0.03708  0.01844  0  0  0
5.727  0.0001296  0.5807  0.1635  0.1263  0.03705  0.03705  0.03705  0.01843  0  0  0
5.482  0.0002185  0.5807  0.1635  0.1262  0.03705  0.03705  0.03705  0.01842  0  0  0
3.701  0.009033  0.5812  0.1636  0.1255  0.03708  0.03708  0.03708  0.01844  0  0  0
2.382  0.175  0.5824  0.1639  0.1237  0.03716  0.03716  0.03716  0.01847  0  0  0
5.598  0.0001702  0.5807  0.1635  0.1262  0.03705  0.03705  0.03705  0.01843  0  0  0
2.083  0.3748  0.583  0.1641  0.1228  0.0372  0.0372  0.0372  0.0185  0  0  0
4.07  0.004151  0.581  0.1636  0.1257  0.03707  0.03707  0.03707  0.01844  0  0  0
4.438  0.001917  0.5809  0.1635  0.1259  0.03707  0.03707  0.03707  0.01844  0  0  0
4.637  0.001259  0.5809  0.1635  0.126  0.03706  0.03706  0.03706  0.01843  0  0  0